2.829949607985327020e-10,3.480238319752970710e-10,4.757367833008174784e-10,6.812399533373536542e-10,9.747793683345662430e-10,1.388855253026122227e-09,1.967165985661267769e-09,2.769837692540022545e-09,3.876181153827928938e-09,5.392053026298526675e-09,7.455696504621300846e-09,1.024739049171330407e-08,1.399982352268125396e-08,1.901190671560470946e-08,2.566387991009833058e-08,3.443571472416806500e-08,4.592897084876312874e-08,6.089165083267289447e-08,8.024599651434982661e-08,1.051188718292905833e-07,1.368773894228070276e-07,1.771642956782670808e-07,2.279364679225182044e-07,2.915042784934485098e-07,3.705696656197687844e-07,4.682612768647231860e-07,5.881667846097116126e-07,7.343556944761076011e-07,9.113941104033074225e-07,1.124345828884543153e-06,1.378756252279345063e-06,1.680618126442823268e-06,2.036313446751591982e-06,2.452529429319838528e-06,2.936148121079895645e-06,3.494104035439704603e-06,4.133214034141019511e-06,4.859976456828007940e-06,5.680344898451039626e-06,6.599477188728997135e-06,7.621468768093109247e-06,8.749075917080517684e-06,9.983437266214423289e-06,1.132380606350125163e-05,1.276730412769211398e-05,1.430870966601105465e-05,1.594029099294402840e-05,1.765170063094956276e-05,1.942993834802564379e-05,2.125939371921958809e-05,2.312197514697800216e-05,2.499732914884589263e-05,2.686314975619552570e-05,2.869557405915657000e-05,3.046965795761025220e-05,3.215991816318819474e-05,3.374092567298703216e-05,3.518793400303366070e-05,3.647751717039682262e-05,3.758819826771286898e-05,3.850104265268328163e-05,3.920019446468359092e-05,3.967333488219537685e-05,3.991204218323218811e-05,3.991204218323218811e-05,3.967333488219537685e-05,3.920019446468359092e-05,3.850104265268328163e-05,3.758819826771286898e-05,3.647751717039682262e-05,3.518793400303366070e-05,3.374092567298703216e-05,3.215991816318819474e-05,3.046965795761025220e-05,2.869557405915657000e-05,2.686314975619552570e-05,2.499732914884589263e-05,2.312197514697800216e-05,2.125939371921958809e-05,1.942993834802564379e-05,1.765170063094956276e-05,1.594029097873317369e-05,1.430870966601105465e-05,1.276730412769211398e-05,1.132380606350125163e-05,9.983437266214423289e-06,8.749075917080517684e-06,7.621468768093109247e-06,6.599477188728997135e-06,5.680344898451039626e-06,4.859976456828007940e-06,4.133214034141019511e-06,3.494104035439704603e-06,2.936148121079895645e-06,2.452529429319838528e-06,2.036313446751591982e-06,1.680618126442823268e-06,1.378756252279345063e-06,1.124345828884543153e-06,9.113941104033074225e-07,7.343556944761076011e-07,5.881667846097116126e-07,4.682612768647231860e-07,3.705696656197687844e-07,2.915042784934485098e-07,2.279364679225182044e-07,1.771642956782670808e-07,1.368773894228070276e-07,1.051188718292905833e-07,8.024599651434982661e-08,6.089165083267289447e-08,4.592897084876312874e-08,3.443571472416806500e-08,2.566387991009833058e-08,1.901190671560470946e-08,1.399982352268125396e-08,1.024739049171330407e-08,7.455696504621300846e-09,5.392053026298526675e-09,3.876181153827928938e-09,2.769837692540022545e-09,1.967165985661267769e-09,1.388855253026122227e-09,9.747793683345662430e-10,6.812399533373536542e-10,4.757367833008174784e-10,3.480238319752970710e-10,2.829949607985327020e-10
3.480238319752970710e-10,4.219771199132082984e-10,5.731521923735272139e-10,8.193410394596867263e-10,1.171116537079797126e-09,1.667643800828955136e-09,2.360309281357331201e-09,3.321275698908721097e-09,4.644988393920357339e-09,6.457540280280227307e-09,8.923592531573376618e-09,1.225743062605033629e-08,1.673625149578583660e-08,2.271488597216375638e-08,3.064484133119549369e-08,4.109601547952479450e-08,5.478210596265853383e-08,7.258947221089329105e-08,9.561051683704135939e-08,1.251800227919375175e-07,1.629151427096076077e-07,2.107585004296197440e-07,2.710231825631126412e-07,3.464380853301918251e-07,4.401923803243334987e-07,5.559776923291792627e-07,6.980242375220768736e-07,8.711272982964146649e-07,1.080665214203690994e-06,1.332598060344025725e-06,1.633449528526398353e-06,1.990264820506126853e-06,2.410542407460525283e-06,2.902134440319059649e-06,3.473115327778941719e-06,4.131615554570089444e-06,4.885620455752359703e-06,5.742734629166079685e-06,6.709915680858102860e-06,7.793180671455957054e-06,8.997293264201289276e-06,1.032543930534757237e-05,1.177890153769567405e-05,1.335674778601969592e-05,1.505554189407121157e-05,1.686909821785320673e-05,1.878828800272458466e-05,2.080091670109140978e-05,2.289168310198874678e-05,2.504223061805532780e-05,2.723130029380627093e-05,2.943498940055633284e-05,3.162711379900429165e-05,3.377967449580410175e-05,3.586341232164613757e-05,3.784844554388655524e-05,3.970496369731790764e-05,4.140396241325561277e-05,4.291799029942922061e-05,4.422188374064717209e-05,4.529346102799536311e-05,4.611414885857811896e-05,4.666951821263864986e-05,4.694970584750990383e-05,4.694970584750990383e-05,4.666951821263864986e-05,4.611414885857811896e-05,4.529346102799536311e-05,4.422188374064717209e-05,4.291799029942922061e-05,4.140396241325561277e-05,3.970496369731790764e-05,3.784844554388655524e-05,3.586341232164613757e-05,3.377967449580410175e-05,3.162711379900429165e-05,2.943498940055633284e-05,2.723130029380627093e-05,2.504223061805532780e-05,2.289168310198874678e-05,2.080091670109140978e-05,1.878828800272458466e-05,1.686909821785320673e-05,1.505554189407121157e-05,1.335674778601969592e-05,1.177890153769567405e-05,1.032543930534757237e-05,8.997293264201289276e-06,7.793180671455957054e-06,6.709915680858102860e-06,5.742734629166079685e-06,4.885620455752359703e-06,4.131615554570089444e-06,3.473115327778941719e-06,2.902134440319059649e-06,2.410542407460525283e-06,1.990264820506126853e-06,1.633449528526398353e-06,1.332598060344025725e-06,1.080665214203690994e-06,8.711272982964146649e-07,6.980242375220768736e-07,5.559776923291792627e-07,4.401923803243334987e-07,3.464380853301918251e-07,2.710231825631126412e-07,2.107585004296197440e-07,1.629151427096076077e-07,1.251800227919375175e-07,9.561051683704135939e-08,7.258947221089329105e-08,5.478210596265853383e-08,4.109601547952479450e-08,3.064484133119549369e-08,2.271488597216375638e-08,1.673625149578583660e-08,1.225743062605033629e-08,8.923592531573376618e-09,6.457540280280227307e-09,4.644988393920357339e-09,3.321275698908721097e-09,2.360309281357331201e-09,1.667643800828955136e-09,1.171116537079797126e-09,8.193410394596867263e-10,5.731521923735272139e-10,4.219771199132082984e-10,3.480238319752970710e-10
4.757367833008174784e-10,5.731521923735272139e-10,7.761258302707574330e-10,1.108475089495186694e-09,1.583714492880972102e-09,2.254367359455500264e-09,3.189839503647817764e-09,4.487034743760887068e-09,6.273580765991937369e-09,8.718927801965037361e-09,1.204529098686180077e-08,1.654098014114424586e-08,2.257860387544496916e-08,3.063598796870792285e-08,4.132019171265710611e-08,5.539786229746823665e-08,7.382776345821184805e-08,9.780168852557835635e-08,1.287866524535274948e-07,1.685753545643819962e-07,2.193394834648643155e-07,2.836863899347008555e-07,3.647200799150596140e-07,4.661012980022860575e-07,5.921079662130068755e-07,7.476894836599967675e-07,9.385163508568439283e-07,1.171015384215934318e-06,1.452391302336764056e-06,1.790627550235512899e-06,2.194458929238862765e-06,2.673316956247617782e-06,3.237235887354472652e-06,3.896720386364904698e-06,4.662569125457594055e-06,5.545651973193344020e-06,6.556639519317286613e-06,7.705689455406172783e-06,9.002089029763737926e-06,1.045386349574073392e-05,1.206735672099057410e-05,1.384679943328137597e-05,1.579387384254005156e-05,1.790729697859205771e-05,2.018243672807784606e-05,2.261098336475697579e-05,2.518069190671212709e-05,2.787522051050927985e-05,3.067407536150312808e-05,3.355268123073074094e-05,3.648258747546151426e-05,3.943181295085196325e-05,4.236533322909963317e-05,4.524570189801124798e-05,4.803379547979602648e-05,5.068966183330303465e-05,5.317344991340178240e-05,5.544638980836680275e-05,5.747179118031908729e-05,5.921602327418895584e-05,6.064944308548092522e-05,6.174723071694643295e-05,6.249010525039011554e-05,6.286488698492576077e-05,6.286488698492576077e-05,6.249010525039011554e-05,6.174723071694643295e-05,6.064944308548092522e-05,5.921602327418895584e-05,5.747179118031908729e-05,5.544638980836680275e-05,5.317344991340178240e-05,5.068966183330303465e-05,4.803379559348286421e-05,4.524570189801124798e-05,4.236533322909963317e-05,3.943181295085196325e-05,3.648258747546151426e-05,3.355268123073074094e-05,3.067407536150312808e-05,2.787522051050927985e-05,2.518069190671212709e-05,2.261098336475697579e-05,2.018243672807784606e-05,1.790729697859205771e-05,1.579387384254005156e-05,1.384679943328137597e-05,1.206735672099057410e-05,1.045386349574073392e-05,9.002089029763737926e-06,7.705689455406172783e-06,6.556639519317286613e-06,5.545651973193344020e-06,4.662569125457594055e-06,3.896720386364904698e-06,3.237235887354472652e-06,2.673316956247617782e-06,2.194458929238862765e-06,1.790627550235512899e-06,1.452391302336764056e-06,1.171015384215934318e-06,9.385163508568439283e-07,7.476894836599967675e-07,5.921079662130068755e-07,4.661012980022860575e-07,3.647200799150596140e-07,2.836863899347008555e-07,2.193394834648643155e-07,1.685753545643819962e-07,1.287866524535274948e-07,9.780168852557835635e-08,7.382776345821184805e-08,5.539786229746823665e-08,4.132019171265710611e-08,3.063598796870792285e-08,2.257860387544496916e-08,1.654098014114424586e-08,1.204529098686180077e-08,8.718927801965037361e-09,6.273580765991937369e-09,4.487034743760887068e-09,3.189839503647817764e-09,2.254367359455500264e-09,1.583714492880972102e-09,1.108475089495186694e-09,7.761258302707574330e-10,5.731521923735272139e-10,4.757367833008174784e-10
6.812399533373536542e-10,8.193410394596867263e-10,1.108475089495186694e-09,1.583075004418788012e-09,2.261202780573512428e-09,3.218332267351797782e-09,4.553584176392178051e-09,6.404548003047239035e-09,8.953833230407326482e-09,1.244319491888745688e-08,1.718885300761030521e-08,2.360211226459796308e-08,3.221491340354987187e-08,4.370795636532420758e-08,5.894693799746164586e-08,7.902421828021033434e-08,1.053074072387971682e-07,1.394940909449360333e-07,1.836759366824480821e-07,2.404072176886984380e-07,3.127825607407430653e-07,4.045175074907092494e-07,5.200342343414376955e-07,6.645486365641772863e-07,8.441543002390972106e-07,1.065902125674256240e-06,1.337868667405928136e-06,1.669207392751559382e-06,2.070179760949031333e-06,2.552153645751786826e-06,3.127568064087427047e-06,3.809851591540791560e-06,4.613290244037671073e-06,5.552839439815215883e-06,6.643870548828090250e-06,7.901855326508666622e-06,9.341980472754585207e-06,1.097870040212001186e-05,1.282522916312700545e-05,1.489298185219922743e-05,1.719097954833159747e-05,1.972523305937556870e-05,2.249812402510542597e-05,2.550781283616743167e-05,2.874769174354696588e-05,3.220591736408096040e-05,3.586504614361274434e-05,3.970180175372206577e-05,4.368700024315330666e-05,4.778564937168994220e-05,5.195724170903304184e-05,5.615624726829082647e-05,6.033280595829637605e-05,6.443361262142843771e-05,6.840297723442745337e-05,7.218403230524472747e-05,7.572005591782726697e-05,7.895586716699654062e-05,8.183924531124375790e-05,8.432232588972965459e-05,8.636292007224710687e-05,8.792570463356241817e-05,8.898323864059420885e-05,8.951676545621012338e-05,8.951676545621012338e-05,8.898323864059420885e-05,8.792570463356241817e-05,8.636292007224710687e-05,8.432232588972965459e-05,8.183924531124375790e-05,7.895586716699654062e-05,7.572005591782726697e-05,7.218403230524472747e-05,6.840297723442745337e-05,6.443361266406100185e-05,6.033280595829637605e-05,5.615624728250168118e-05,5.195724170903304184e-05,4.778564937168994220e-05,4.368700024315330666e-05,3.970180175372206577e-05,3.586504614361274434e-05,3.220591736408096040e-05,2.874769174354696588e-05,2.550781283616743167e-05,2.249812402510542597e-05,1.972523305937556870e-05,1.719097954833159747e-05,1.489298185219922743e-05,1.282522916312700545e-05,1.097870040212001186e-05,9.341980472754585207e-06,7.901855326508666622e-06,6.643870548828090250e-06,5.552839439815215883e-06,4.613290244037671073e-06,3.809851591540791560e-06,3.127568064087427047e-06,2.552153645751786826e-06,2.070179760949031333e-06,1.669207392751559382e-06,1.337868667405928136e-06,1.065902125674256240e-06,8.441543002390972106e-07,6.645486365641772863e-07,5.200342343414376955e-07,4.045175074907092494e-07,3.127825607407430653e-07,2.404072176886984380e-07,1.836759366824480821e-07,1.394940909449360333e-07,1.053074072387971682e-07,7.902421828021033434e-08,5.894693799746164586e-08,4.370795636532420758e-08,3.221491340354987187e-08,2.360211226459796308e-08,1.718885300761030521e-08,1.244319491888745688e-08,8.953833230407326482e-09,6.404548003047239035e-09,4.553584176392178051e-09,3.218332267351797782e-09,2.261202780573512428e-09,1.583075004418788012e-09,1.108475089495186694e-09,8.193410394596867263e-10,6.812399533373536542e-10
9.747793683345662430e-10,1.171116537079797126e-09,1.583714492880972102e-09,2.261202780573512428e-09,3.229345679756079335e-09,4.595946734298195224e-09,6.502389737761404831e-09,9.144955015472078230e-09,1.278445438401831780e-08,1.776541580511548091e-08,2.453973024785227608e-08,3.369450496393255889e-08,4.598814484779722989e-08,6.239227445803408045e-08,8.414214391905261436e-08,1.127965845171274850e-07,1.503063060681597563e-07,1.990934777040820336e-07,2.621419383785905666e-07,3.430961612593819154e-07,4.463699383450148162e-07,5.772634636969087296e-07,7.420846515060475213e-07,9.482725715770357056e-07,1.204518611075400258e-06,1.520878583960438846e-06,1.908870686406771711e-06,2.381548767971253255e-06,2.953545674699853407e-06,3.641071486981672933e-06,4.461863142068978050e-06,5.435067279790928296e-06,6.581052900855866028e-06,7.921141545352838875e-06,9.477247402855937253e-06,1.127142590462426597e-05,1.332532551145959587e-05,1.565954848103956465e-05,1.829292763488865603e-05,2.124172991102568631e-05,2.451880789067217847e-05,2.813272068635797041e-05,3.208685386368870240e-05,3.637857309968239861e-05,4.099844690585996432e-05,4.592957904492322996e-05,5.114709014719664992e-05,5.661778672561013082e-05,6.230005335794430721e-05,6.814399648646940477e-05,7.409186125073574658e-05,8.007873410065258213e-05,8.603353109037925606e-05,9.188025886430750688e-05,9.753952554092393257e-05,1.029302633810402767e-04,1.079716129765984078e-04,1.125849126282219004e-04,1.166957219425057701e-04,1.202358118206348081e-04,1.231450426644187246e-04,1.253730629855454026e-04,1.268807577474717618e-04,1.276413898239070477e-04,1.276413898523287571e-04,1.268807577474717618e-04,1.253730629855454026e-04,1.231450427496838529e-04,1.202358118206348081e-04,1.166957219425057701e-04,1.125849126282219004e-04,1.079716129908092626e-04,1.029302633810402767e-04,9.753952554092393257e-05,9.188025886430750688e-05,8.603353109037925606e-05,8.007873410065258213e-05,7.409186127915745601e-05,6.814399648646940477e-05,6.230005335794430721e-05,5.661778672561013082e-05,5.114709014719664992e-05,4.592957907334493939e-05,4.099844690585996432e-05,3.637857309968239861e-05,3.208685386368870240e-05,2.813272068635797041e-05,2.451880789067217847e-05,2.124172991102568631e-05,1.829292763488865603e-05,1.565954848103956465e-05,1.332532551145959587e-05,1.127142590462426597e-05,9.477247402855937253e-06,7.921141545352838875e-06,6.581052900855866028e-06,5.435067279790928296e-06,4.461863142068978050e-06,3.641071486981672933e-06,2.953545674699853407e-06,2.381548767971253255e-06,1.908870686406771711e-06,1.520878583960438846e-06,1.204518611075400258e-06,9.482725715770357056e-07,7.420846515060475213e-07,5.772634636969087296e-07,4.463699383450148162e-07,3.430961612593819154e-07,2.621419383785905666e-07,1.990934777040820336e-07,1.503063060681597563e-07,1.127965845171274850e-07,8.414214391905261436e-08,6.239227445803408045e-08,4.598814484779722989e-08,3.369450496393255889e-08,2.453973024785227608e-08,1.776541580511548091e-08,1.278445438401831780e-08,9.144955015472078230e-09,6.502389737761404831e-09,4.595946734298195224e-09,3.229345679756079335e-09,2.261202780573512428e-09,1.583714492880972102e-09,1.171116537079797126e-09,9.747793683345662430e-10
1.388855253026122227e-09,1.667643800828955136e-09,2.254367359455500264e-09,3.218332267351797782e-09,4.595946734298195224e-09,6.540702202073589433e-09,9.253199095837771893e-09,1.301322072322363965e-08,1.819167039229796501e-08,2.527845310851262184e-08,3.491635425234562717e-08,4.794077312908484600e-08,6.543022834648581920e-08,8.876685342329437844e-08,1.197075221170962323e-07,1.604691135526081780e-07,2.138259276307508117e-07,2.832230592275664094e-07,3.729038553501595743e-07,4.880505031223947299e-07,6.349401076022331836e-07,8.211093245336087421e-07,1.055527960147628619e-06,1.348773167819672381e-06,1.713203715780764469e-06,2.163116661790809303e-06,2.714888751143007539e-06,3.387079232197720557e-06,4.200491304118258995e-06,5.178171335273873410e-06,6.345333318336088269e-06,7.729196312311614747e-06,9.358715630014557973e-06,1.126419908814568771e-05,1.347679670971047017e-05,1.602785737020440138e-05,1.894815042646769143e-05,2.226695693252622732e-05,2.601104071686677344e-05,3.020351755367300939e-05,3.486264841967567918e-05,4.000058962105867977e-05,4.562214363090788538e-05,5.172355474769574357e-05,5.829140523871956248e-05,6.530166655238645035e-05,7.271896298277624737e-05,8.049610208615831652e-05,8.857392053585044778e-05,9.688148992381684366e-05,1.053367092822554696e-04,1.138473044193233363e-04,1.223122315821001393e-04,1.306234709659293003e-04,1.386681740171979982e-04,1.463311118641286157e-04,1.534973530823435794e-04,1.600550913281040266e-04,1.658985213595087771e-04,1.709306666555221454e-04,1.750660500476897141e-04,1.782331059274611107e-04,1.803762394274599501e-04,1.814574494289900031e-04,1.814574494289900031e-04,1.803762394274599501e-04,1.782331059416719654e-04,1.750660500476897141e-04,1.709306666555221454e-04,1.658985213595087771e-04,1.600550913423148813e-04,1.534973531107652889e-04,1.463311118641286157e-04,1.386681741308848359e-04,1.306234709659293003e-04,1.223122316247327035e-04,1.138473044193233363e-04,1.053367093248880337e-04,9.688148995223855309e-05,8.857392055006130249e-05,8.049610210036917124e-05,7.271896298277624737e-05,6.530166655238645035e-05,5.829140528135212662e-05,5.172355477611745300e-05,4.562214363090788538e-05,4.000058966369124391e-05,3.486264841967567918e-05,3.020351755367300939e-05,2.601104071686677344e-05,2.226695693252622732e-05,1.894815042646769143e-05,1.602785737020440138e-05,1.347679670971047017e-05,1.126419908814568771e-05,9.358715630014557973e-06,7.729196312311614747e-06,6.345333318336088269e-06,5.178171335273873410e-06,4.200491304118258995e-06,3.387079232197720557e-06,2.714888751143007539e-06,2.163116661790809303e-06,1.713203715780764469e-06,1.348773167819672381e-06,1.055527960147628619e-06,8.211093245336087421e-07,6.349401076022331836e-07,4.880505031223947299e-07,3.729038553501595743e-07,2.832230592275664094e-07,2.138259276307508117e-07,1.604691135526081780e-07,1.197075221170962323e-07,8.876685342329437844e-08,6.543022834648581920e-08,4.794077312908484600e-08,3.491635425234562717e-08,2.527845310851262184e-08,1.819167039229796501e-08,1.301322072322363965e-08,9.253199095837771893e-09,6.540702202073589433e-09,4.595946734298195224e-09,3.218332267351797782e-09,2.254367359455500264e-09,1.667643800828955136e-09,1.388855253026122227e-09
1.967165985661267769e-09,2.360309281357331201e-09,3.189839503647817764e-09,4.553584176392178051e-09,6.502389737761404831e-09,9.253199095837771893e-09,1.309048514031019295e-08,1.840901120431226445e-08,2.573355573076696601e-08,3.575755158635729458e-08,4.938922870678652544e-08,6.781016281820484437e-08,9.254564758975902805e-08,1.255498602859006496e-07,1.693070146302488865e-07,2.269514567387886927e-07,3.024059083145402838e-07,4.005414808716523112e-07,5.273565761854115408e-07,6.901784104229591321e-07,8.978806675941086723e-07,1.161117836545599857e-06,1.492569623451345251e-06,1.907188789118663408e-06,2.422443884597669239e-06,3.058545246403809870e-06,3.838640012077121355e-06,4.788961206259045866e-06,5.938911968428328692e-06,7.321064288134948583e-06,8.971054612061379885e-06,1.092735021757107461e-05,1.323087155924440594e-05,1.592444937159598339e-05,1.905210308450477896e-05,2.265813083113243920e-05,2.678601032357619260e-05,3.147711422002430481e-05,3.676925615536674741e-05,4.269509234688939614e-05,4.928041639118418971e-05,5.654239433283692051e-05,6.448779816992100677e-05,7.311130538312227145e-05,8.239393895337343565e-05,9.230172767615840712e-05,1.027846655006214860e-04,1.137760483800320799e-04,1.251922582241604687e-04,1.369330523175449343e-04,1.488824028115232068e-04,1.609099078621056833e-04,1.728727757495107653e-04,1.846183599241157935e-04,1.959871928534084873e-04,2.068164446882292395e-04,2.169437097023774186e-04,2.262109983348636888e-04,2.344688030859742867e-04,2.415800929611577885e-04,2.474240861545240477e-04,2.518996592186795169e-04,2.549282557708920649e-04,2.564561800539877368e-04,2.564561800539877368e-04,2.549282557708920649e-04,2.518996592186795169e-04,2.474240861829457572e-04,2.415800930464229168e-04,2.344688031712394150e-04,2.262109983348636888e-04,2.169437098302751110e-04,2.068164447308618037e-04,1.959871929102519061e-04,1.846183599525375030e-04,1.728727759342518766e-04,1.609099078905273927e-04,1.488824029394208992e-04,1.369330524454426268e-04,1.251922582241604687e-04,1.137760483800320799e-04,1.027846655006214860e-04,9.230172770458011655e-05,8.239393895337343565e-05,7.311130538312227145e-05,6.448779824097528035e-05,5.654239433283692051e-05,4.928041639118418971e-05,4.269509234688939614e-05,3.676925618378845684e-05,3.147711422002430481e-05,2.678601032357619260e-05,2.265813083113243920e-05,1.905210308450477896e-05,1.592444937159598339e-05,1.323087155924440594e-05,1.092735021757107461e-05,8.971054612061379885e-06,7.321064288134948583e-06,5.938911968428328692e-06,4.788961206259045866e-06,3.838640012077121355e-06,3.058545246403809870e-06,2.422443884597669239e-06,1.907188789118663408e-06,1.492569623451345251e-06,1.161117836545599857e-06,8.978806675941086723e-07,6.901784104229591321e-07,5.273565761854115408e-07,4.005414808716523112e-07,3.024059083145402838e-07,2.269514567387886927e-07,1.693070146302488865e-07,1.255498602859006496e-07,9.254564758975902805e-08,6.781016281820484437e-08,4.938922870678652544e-08,3.575755158635729458e-08,2.573355573076696601e-08,1.840901120431226445e-08,1.309048514031019295e-08,9.253199095837771893e-09,6.502389737761404831e-09,4.553584176392178051e-09,3.189839503647817764e-09,2.360309281357331201e-09,1.967165985661267769e-09
2.769837692540022545e-09,3.321275698908721097e-09,4.487034743760887068e-09,6.404548003047239035e-09,9.144955015472078230e-09,1.301322072322363965e-08,1.840901120431226445e-08,2.588745928733260371e-08,3.618632149482436944e-08,5.028059035794285592e-08,6.944681274489994394e-08,9.534605283079145011e-08,1.301221885796621791e-07,1.765222350513795391e-07,2.380378987254516687e-07,3.190749993109420757e-07,4.251467657923058141e-07,5.630990642657707212e-07,7.413629106167718419e-07,9.702353764851068263e-07,1.262187240058665338e-06,1.632191583667008672e-06,2.098066460121117416e-06,2.680823939726906247e-06,3.405011028689841623e-06,4.299026045373466332e-06,5.395393515073010349e-06,6.730972756940900581e-06,8.347076033032863052e-06,1.028946729775270796e-05,1.260821358073371812e-05,1.535735856350584072e-05,1.859439015561292763e-05,2.237947822436581191e-05,2.677445982612880471e-05,3.184156210522814945e-05,3.764185674981490592e-05,4.423345588122629124e-05,5.166946843360165076e-05,5.999575634518805600e-05,6.924853879297643289e-05,7.945191177327615151e-05,9.061536900389910443e-05,1.027314122978850719e-04,1.157733615428924168e-04,1.296934726013887484e-04,1.444214767047924397e-04,1.598636499409167300e-04,1.759025090848354012e-04,1.923972207436008830e-04,2.091847795213652716e-04,2.260819912294209644e-04,2.428882613543237312e-04,2.593891545643600693e-04,2.753606576249012505e-04,2.905740378196242091e-04,3.048011601833877648e-04,3.178200960860522173e-04,3.294208334381210079e-04,3.394108869514411708e-04,3.476205983048430426e-04,3.539079222747432141e-04,3.581625144022382301e-04,3.603089502774992070e-04,3.603089502774992070e-04,3.581625144306599395e-04,3.539079223457974877e-04,3.476205983474756067e-04,3.394108872072365557e-04,3.294208334807535721e-04,3.178200960860522173e-04,3.048011603112854573e-04,2.905740380612087392e-04,2.753606577954315071e-04,2.593891547206794712e-04,2.428882614253780048e-04,2.260819913146860927e-04,2.091847796492629641e-04,1.923972208288660113e-04,1.759025091985222389e-04,1.598636499977601488e-04,1.444214767900575680e-04,1.296934726155996032e-04,1.157733615855249809e-04,1.027314123973610549e-04,9.061536900389910443e-05,7.945191177327615151e-05,6.924853879297643289e-05,5.999575634518805600e-05,5.166946843360165076e-05,4.423345588122629124e-05,3.764185674981490592e-05,3.184156210522814945e-05,2.677445982612880471e-05,2.237947822436581191e-05,1.859439015561292763e-05,1.535735856350584072e-05,1.260821358073371812e-05,1.028946729775270796e-05,8.347076033032863052e-06,6.730972756940900581e-06,5.395393515073010349e-06,4.299026045373466332e-06,3.405011028689841623e-06,2.680823939726906247e-06,2.098066460121117416e-06,1.632191583667008672e-06,1.262187240058665338e-06,9.702353764851068263e-07,7.413629106167718419e-07,5.630990642657707212e-07,4.251467657923058141e-07,3.190749993109420757e-07,2.380378987254516687e-07,1.765222350513795391e-07,1.301221885796621791e-07,9.534605283079145011e-08,6.944681274489994394e-08,5.028059035794285592e-08,3.618632149482436944e-08,2.588745928733260371e-08,1.840901120431226445e-08,1.301322072322363965e-08,9.144955015472078230e-09,6.404548003047239035e-09,4.487034743760887068e-09,3.321275698908721097e-09,2.769837692540022545e-09
3.876181153827928938e-09,4.644988393920357339e-09,6.273580765991937369e-09,8.953833230407326482e-09,1.278445438401831780e-08,1.819167039229796501e-08,2.573355573076696601e-08,3.618632149482436944e-08,5.058116414602409350e-08,7.027976778317679418e-08,9.706666048714396311e-08,1.332625885197558091e-07,1.818633847960882122e-07,2.467071027467682143e-07,3.326725561692001065e-07,4.459151909941283520e-07,5.941376741702697473e-07,7.869046072528362856e-07,1.035994102949189255e-06,1.355791397372740903e-06,1.763717818903387524e-06,2.280689301414895453e-06,2.931596043254103279e-06,3.745788802689276054e-06,4.757554719958534406e-06,6.006559971183378366e-06,7.538232310366765887e-06,9.404053429307168699e-06,1.166172206978899339e-05,1.437515285829249478e-05,1.761426838697843777e-05,2.145454243418498663e-05,2.597625686462379235e-05,3.126343561632438650e-05,3.740242824790129816e-05,4.448012589364225278e-05,5.258180229361641977e-05,6.178859470651332231e-05,7.217465085318508500e-05,8.380399411578309810e-05,9.672717921205276070e-05,1.109778300474317803e-04,1.265691754781528289e-04,1.434907161694809474e-04,1.617051658087120813e-04,1.811458238591967529e-04,2.017145378658824484e-04,2.232804031052637583e-04,2.456793418730285339e-04,2.687146728987954702e-04,2.921587586115492741e-04,3.157557752757611524e-04,3.392256057850318030e-04,3.622688118696260062e-04,3.845725853466319677e-04,4.058175324388457739e-04,4.256850977242265799e-04,4.438653957237193026e-04,4.600651826933699340e-04,4.740156904006198602e-04,4.854800242384271769e-04,4.942598483523852337e-04,5.002010898067510425e-04,5.031984351830942614e-04,5.031984352541485350e-04,5.002010898635944613e-04,4.942598484234395073e-04,4.854800243947465788e-04,4.740156906137826809e-04,4.600651830060087377e-04,4.438653958942495592e-04,4.256850980368653836e-04,4.058175325383217569e-04,3.845725856166382073e-04,3.622688121822648100e-04,3.392256060550380425e-04,3.157557753752371354e-04,2.921587587678686759e-04,2.687146729414280344e-04,2.456793419867153716e-04,2.232804032473723055e-04,2.017145379795692861e-04,1.811458240865704283e-04,1.617051658939772096e-04,1.434907163400112040e-04,1.265691754781528289e-04,1.109778300474317803e-04,9.672717925468532485e-05,8.380399411578309810e-05,7.217465088160679443e-05,6.178859470651332231e-05,5.258180230782727449e-05,4.448012590785310749e-05,3.740242831895557174e-05,3.126343561632438650e-05,2.597625686462379235e-05,2.145454243418498663e-05,1.761426838697843777e-05,1.437515285829249478e-05,1.166172206978899339e-05,9.404053429307168699e-06,7.538232310366765887e-06,6.006559971183378366e-06,4.757554719958534406e-06,3.745788802689276054e-06,2.931596043254103279e-06,2.280689301414895453e-06,1.763717818903387524e-06,1.355791397372740903e-06,1.035994102949189255e-06,7.869046072528362856e-07,5.941376741702697473e-07,4.459151909941283520e-07,3.326725561692001065e-07,2.467071027467682143e-07,1.818633847960882122e-07,1.332625885197558091e-07,9.706666048714396311e-08,7.027976778317679418e-08,5.058116414602409350e-08,3.618632149482436944e-08,2.573355573076696601e-08,1.819167039229796501e-08,1.278445438401831780e-08,8.953833230407326482e-09,6.273580765991937369e-09,4.644988393920357339e-09,3.876181153827928938e-09
5.392053026298526675e-09,6.457540280280227307e-09,8.718927801965037361e-09,1.244319491888745688e-08,1.776541580511548091e-08,2.527845310851262184e-08,3.575755158635729458e-08,5.028059035794285592e-08,7.027976778317679418e-08,9.764715969140524976e-08,1.348612386209424585e-07,1.851454953794018365e-07,2.526610956010699738e-07,3.427385451004738570e-07,4.621544746896688594e-07,6.194567276907037012e-07,8.253439318650634959e-07,1.093097736770687334e-06,1.439075248299559462e-06,1.883252750189967628e-06,2.449821494110437925e-06,3.167825809669011505e-06,4.071826921858701098e-06,5.202578762464327156e-06,6.607688092685748416e-06,8.342229179447713250e-06,1.046927425818466872e-05,1.306029814429621183e-05,1.619540580577449873e-05,1.996332916576193384e-05,2.446113784060344187e-05,2.979360581889523019e-05,3.607217720968947106e-05,4.341348775938058679e-05,5.193739733044822060e-05,6.176451306316721457e-05,7.301319215002877172e-05,8.579604539704632771e-05,1.002159754790454826e-04,1.163618274091504645e-04,1.343037449430539709e-04,1.540883667701109516e-04,1.757340185548628142e-04,1.992260858401095902e-04,2.245127708562222324e-04,2.515014465984677372e-04,2.800558292364030422e-04,3.099941756374846591e-04,3.410886989598793662e-04,3.730663621297480859e-04,4.056111642967152875e-04,4.383679867174805622e-04,4.709479972717645069e-04,5.029355516938949222e-04,5.338964545131830164e-04,5.633873752231011167e-04,5.909661524015064060e-04,6.162026625986527506e-04,6.386898858465883677e-04,6.580547756698251760e-04,6.739685284884444627e-04,6.861558604356332580e-04,6.944029240685267723e-04,6.985635486955743545e-04,6.985635486955743545e-04,6.944029242816895930e-04,6.861558607766937712e-04,6.739685287868724117e-04,6.580547759540422703e-04,6.386898862018597356e-04,6.162026629112915543e-04,5.909661528278320475e-04,5.633873756920593223e-04,5.338964550105629314e-04,5.029355521344314184e-04,4.709479976838792936e-04,4.383679870159085112e-04,4.056111646661975101e-04,3.730663623855434707e-04,3.410886993293615888e-04,3.099941758080149157e-04,2.800558295348309912e-04,2.515014468116305579e-04,2.245127709130656513e-04,1.992260859822181374e-04,1.757340186543387972e-04,1.540883668269543705e-04,1.343037449430539709e-04,1.163618274091504645e-04,1.002159754790454826e-04,8.579604539704632771e-05,7.301319215002877172e-05,6.176451306316721457e-05,5.193739733044822060e-05,4.341348775938058679e-05,3.607217720968947106e-05,2.979360581889523019e-05,2.446113784060344187e-05,1.996332916576193384e-05,1.619540580577449873e-05,1.306029814429621183e-05,1.046927425818466872e-05,8.342229179447713250e-06,6.607688092685748416e-06,5.202578762464327156e-06,4.071826921858701098e-06,3.167825809669011505e-06,2.449821494110437925e-06,1.883252750189967628e-06,1.439075248299559462e-06,1.093097736770687334e-06,8.253439318650634959e-07,6.194567276907037012e-07,4.621544746896688594e-07,3.427385451004738570e-07,2.526610956010699738e-07,1.851454953794018365e-07,1.348612386209424585e-07,9.764715969140524976e-08,7.027976778317679418e-08,5.028059035794285592e-08,3.575755158635729458e-08,2.527845310851262184e-08,1.776541580511548091e-08,1.244319491888745688e-08,8.718927801965037361e-09,6.457540280280227307e-09,5.392053026298526675e-09
7.455696504621300846e-09,8.923592531573376618e-09,1.204529098686180077e-08,1.718885300761030521e-08,2.453973024785227608e-08,3.491635425234562717e-08,4.938922870678652544e-08,6.944681274489994394e-08,9.706666048714396311e-08,1.348612386209424585e-07,1.862526346485537942e-07,2.556917024776339531e-07,3.489236917175730923e-07,4.733078071694762912e-07,6.381995945048402064e-07,8.554002732807930443e-07,1.139678445838399057e-06,1.509370108010443801e-06,1.987054005780919397e-06,2.600305151645443402e-06,3.382516780447986093e-06,4.373778040189790772e-06,5.621792951160387020e-06,7.182811714301351458e-06,9.122541015926799446e-06,1.151699197521338647e-05,1.445321183268788445e-05,1.802984189680501004e-05,2.235743075118534762e-05,2.755842920976192545e-05,3.376679093491929962e-05,4.112709578407702793e-05,4.979312510045019735e-05,5.992581824898479681e-05,7.169055814415514760e-05,8.525375247359079367e-05,1.007786985098846344e-04,1.184207563227346327e-04,1.383218850889988971e-04,1.606046391486870561e-04,1.853657625474625092e-04,2.126695611508466754e-04,2.425412693440875955e-04,2.749606675536142575e-04,3.098562280854366691e-04,3.471000876800189872e-04,3.865041463200213911e-04,4.278175829455221901e-04,4.707260506506827369e-04,5.148527739322616981e-04,5.597617033856749913e-04,6.049628242692506319e-04,6.499196148581631860e-04,6.940585673333998784e-04,7.367805862088516733e-04,7.774739807757669041e-04,8.155286803344097279e-04,8.503512299284921028e-04,8.813800558300499688e-04,9.081004615438814653e-04,9.300587968681384154e-04,9.468752537600266805e-04,9.582547888840053929e-04,9.639957329454773571e-04,9.639957329454773571e-04,9.582547891398007778e-04,9.468752540442437748e-04,9.300587972518314928e-04,9.081004621975807822e-04,8.813800562990081744e-04,8.503512305964022744e-04,8.155286812012718656e-04,7.774739814436770757e-04,7.367805868909726996e-04,6.940585679870991953e-04,6.499196155118625029e-04,6.049628249940042224e-04,5.597617040677960176e-04,5.148527743870090490e-04,4.707260512901711991e-04,4.278175833576369769e-04,3.865041467463470326e-04,3.471000879642360815e-04,3.098562282985994898e-04,2.749606679088856254e-04,2.425412694435635785e-04,2.126695611792683849e-04,1.853657626327276375e-04,1.606046392197413297e-04,1.383218851316314613e-04,1.184207564648431799e-04,1.007786985525171986e-04,8.525375253043421253e-05,7.169055814415514760e-05,5.992581824898479681e-05,4.979312511466105207e-05,4.112709578407702793e-05,3.376679093491929962e-05,2.755842922397278016e-05,2.235743075118534762e-05,1.802984189680501004e-05,1.445321183268788445e-05,1.151699197521338647e-05,9.122541015926799446e-06,7.182811714301351458e-06,5.621792951160387020e-06,4.373778040189790772e-06,3.382516780447986093e-06,2.600305151645443402e-06,1.987054005780919397e-06,1.509370108010443801e-06,1.139678445838399057e-06,8.554002732807930443e-07,6.381995945048402064e-07,4.733078071694762912e-07,3.489236917175730923e-07,2.556917024776339531e-07,1.862526346485537942e-07,1.348612386209424585e-07,9.706666048714396311e-08,6.944681274489994394e-08,4.938922870678652544e-08,3.491635425234562717e-08,2.453973024785227608e-08,1.718885300761030521e-08,1.204529098686180077e-08,8.923592531573376618e-09,7.455696504621300846e-09
1.024739049171330407e-08,1.225743062605033629e-08,1.654098014114424586e-08,2.360211226459796308e-08,3.369450496393255889e-08,4.794077312908484600e-08,6.781016281820484437e-08,9.534605283079145011e-08,1.332625885197558091e-07,1.851454953794018365e-07,2.556917024776339531e-07,3.510101294068590505e-07,4.789849299413617700e-07,6.497164406482625054e-07,8.760433445331727853e-07,1.174160701111759408e-06,1.564334866088756826e-06,2.071726783015037654e-06,2.727318900497266441e-06,3.568948841348174028e-06,4.642434845436582691e-06,6.002782896530334256e-06,7.715444766631662787e-06,9.857595557605236536e-06,1.251938256530138460e-05,1.580508748588727030e-05,1.983412971640063915e-05,2.474183084189007786e-05,3.067984310689553240e-05,3.781614229581009567e-05,4.633447818491731596e-05,5.643317159353955503e-05,6.832315867200122739e-05,8.222518746947571344e-05,9.836609319791023154e-05,1.169741084083852911e-04,1.382731908279311028e-04,1.624764021812552528e-04,1.897784133859659050e-04,2.203472715365251133e-04,2.543156138870017458e-04,2.917715773094187170e-04,3.327497038441151744e-04,3.772221863584945822e-04,4.250908425404986701e-04,4.761802207156051736e-04,5.302322527711567091e-04,5.869028485960825492e-04,6.457607951517729816e-04,7.062892623821426241e-04,7.678901344831956521e-04,8.298912894986187894e-04,8.915568317888755701e-04,9.521001499450676420e-04,1.010699550349158926e-03,1.066516074843093520e-03,1.118712998462001451e-03,1.166476391631476872e-03,1.209036057929324670e-03,1.245686098130249775e-03,1.275804339968544809e-03,1.298869887364162423e-03,1.314478098322524602e-03,1.322352390104697406e-03,1.322352390303649372e-03,1.314478098834115372e-03,1.298869888046283450e-03,1.275804340920672075e-03,1.245686099196063878e-03,1.209036059151458176e-03,1.166476392910453797e-03,1.118712999783610940e-03,1.066516076164703009e-03,1.010699551542870722e-03,9.521001512098337116e-04,8.915568330110090756e-04,8.298912906923305854e-04,7.678901353358469350e-04,7.062892632490047617e-04,6.457607959475808457e-04,5.869028492639927208e-04,5.302322534816994448e-04,4.761802213124610716e-04,4.250908428531374739e-04,3.772221866995550954e-04,3.327497039862237216e-04,2.917715774373164095e-04,2.543156139722668740e-04,2.203472716360010963e-04,1.897784134285984692e-04,1.624764023091529452e-04,1.382731909131962311e-04,1.169741084936504194e-04,9.836609322633194097e-05,8.222518746947571344e-05,6.832315867200122739e-05,5.643317163617211918e-05,4.633447818491731596e-05,3.781614229581009567e-05,3.067984310689553240e-05,2.474183084189007786e-05,1.983412971640063915e-05,1.580508748588727030e-05,1.251938256530138460e-05,9.857595557605236536e-06,7.715444766631662787e-06,6.002782896530334256e-06,4.642434845436582691e-06,3.568948841348174028e-06,2.727318900497266441e-06,2.071726783015037654e-06,1.564334866088756826e-06,1.174160701111759408e-06,8.760433445331727853e-07,6.497164406482625054e-07,4.789849299413617700e-07,3.510101294068590505e-07,2.556917024776339531e-07,1.851454953794018365e-07,1.332625885197558091e-07,9.534605283079145011e-08,6.781016281820484437e-08,4.794077312908484600e-08,3.369450496393255889e-08,2.360211226459796308e-08,1.654098014114424586e-08,1.225743062605033629e-08,1.024739049171330407e-08
