6.842267907813948113e-08,7.595527051762474002e-08,9.166838310648017796e-08,1.168756398328696378e-07,1.536057823159353575e-07,2.047864029464108171e-07,2.743292668583308114e-07,3.674033450806746259e-07,4.906341786181656062e-07,6.524460047785396455e-07,8.633483048470225185e-07,1.136476072360892431e-06,1.487961924340197584e-06,1.937597801315860124e-06,2.509373345560561575e-06,3.232200199931867246e-06,4.140616312042766367e-06,5.275574807228622376e-06,6.685241444870371197e-06,8.425809653545002220e-06,1.056229636731131905e-05,1.316928346284385043e-05,1.633157614833180560e-05,2.014472801192823681e-05,2.471538172699183633e-05,3.016137915778926981e-05,3.661157833789729921e-05,4.420532718540925998e-05,5.309153083032924769e-05,6.342726859998037980e-05,7.537591520190289884e-05,8.910473169976285135e-05,1.047819086323897864e-04,1.225730628959809110e-04,1.426372022876876144e-04,1.651222053880019303e-04,1.901598840703400128e-04,2.178607141729571595e-04,2.483083700752786172e-04,2.815541916731945093e-04,3.176117557472935005e-04,3.564517421494883820e-04,3.979972814533994097e-04,4.421199959665500501e-04,4.886369265477696899e-04,5.373085459297044508e-04,5.878380240744718321e-04,6.398718917210999280e-04,6.930022133104785098e-04,7.467703277086457092e-04,8.006721821942619499e-04,8.541652081390793683e-04,9.066766491940825290e-04,9.576131930799647307e-04,1.006371685406293182e-03,1.052350685014857845e-03,1.094962551007938600e-03,1.133645734441302011e-03,1.167876919097921018e-03,1.197182655602091472e-03,1.221150124962377959e-03,1.239436698838858320e-03,1.251777994738745292e-03,1.257994155324126950e-03,1.257994157185748918e-03,1.251778000295189486e-03,1.239436707777485935e-03,1.221150136387905150e-03,1.197182669727681059e-03,1.167876935099343427e-03,1.133645751338008267e-03,1.094962568629398447e-03,1.052350703005799915e-03,1.006371703084596447e-03,9.576132105593160304e-04,9.066766660055236571e-04,8.541652236431218626e-04,8.006721971582919650e-04,7.467703414079096547e-04,6.930022253897050177e-04,6.398719027771448964e-04,5.878380337094313290e-04,5.373085540725242026e-04,4.886369336958296117e-04,4.421200019493198852e-04,3.979972862850900128e-04,3.564517463416905230e-04,3.176117589589466661e-04,2.815541943590460505e-04,2.483083723632262263e-04,2.178607157645728876e-04,1.901598851929975353e-04,1.651222066385571452e-04,1.426372028277000936e-04,1.225730634928368090e-04,1.047819090729262825e-04,8.910473204082336451e-05,7.537591538664401014e-05,6.342726879893234582e-05,5.309153085875095712e-05,4.420532728488524299e-05,3.661157833789729921e-05,3.016137905831328681e-05,2.471538178383525519e-05,2.014472801192823681e-05,1.633157613412095088e-05,1.316928353389812401e-05,1.056229636731131905e-05,8.425809653545002220e-06,6.685241444870371197e-06,5.275574807228622376e-06,4.140616312042766367e-06,3.232200199931867246e-06,2.509373345560561575e-06,1.937597801315860124e-06,1.487961924340197584e-06,1.136476072360892431e-06,8.633483048470225185e-07,6.524460047785396455e-07,4.906341786181656062e-07,3.674033450806746259e-07,2.743292668583308114e-07,2.047864029464108171e-07,1.536057823159353575e-07,1.168756398328696378e-07,9.166838310648017796e-08,7.595527051762474002e-08,6.842267907813948113e-08
7.595527051762474002e-08,8.429287845501676202e-08,1.016862825053976849e-07,1.295829576974938391e-07,1.702235863376699854e-07,2.268370451474766014e-07,3.037365274849435082e-07,4.066216945375344949e-07,5.427961298209993402e-07,7.215401467419724213e-07,9.544283159357291879e-07,1.255918220977036981e-06,1.643759532043986837e-06,2.139718162652570754e-06,2.770163547438642127e-06,3.566863142623333260e-06,4.567746486827672925e-06,5.817769050509014050e-06,7.369777392796095228e-06,9.285398448355408618e-06,1.163589709562984353e-05,1.450298768190805276e-05,1.797953608217994770e-05,2.217012519167838036e-05,2.719141637896882457e-05,3.317225389309896855e-05,4.025345107550037937e-05,4.858719876210670918e-05,5.833603214000504522e-05,6.967130511270624993e-05,8.277112253551877075e-05,9.781770044980930834e-05,1.149941263918208278e-04,1.344805299936524534e-04,1.564496761403688652e-04,1.810620361482051521e-04,2.084604065686335161e-04,2.387641804375562060e-04,2.720633990662690849e-04,3.084127467616326612e-04,3.478256662106105068e-04,3.902687940069426986e-04,4.356569328081150161e-04,4.838487772076405236e-04,5.346436151967282058e-04,5.877792067536802278e-04,6.429310260216425377e-04,6.997130278705299133e-04,7.576800484514478740e-04,8.163319094620646865e-04,8.751192465581425495e-04,9.334510057215084089e-04,9.907035186813573091e-04,1.046230971965655954e-03,1.099377058025652332e-03,1.149487522980052745e-03,1.195923289046163518e-03,1.238073789608051811e-03,1.275370138841935841e-03,1.307297745540836331e-03,1.333407977242018205e-03,1.353328525723895837e-03,1.366772129443916128e-03,1.373543379287411881e-03,1.373543384772801801e-03,1.366772146496941787e-03,1.353328553094002018e-03,1.333408013493908584e-03,1.307297789111316888e-03,1.275370188267288540e-03,1.238073842557696480e-03,1.195923344255334086e-03,1.149487579269248272e-03,1.099377113817467944e-03,1.046231026279542675e-03,9.907035709062483875e-04,9.334510547631680311e-04,8.751192917628713985e-04,8.163319506877542153e-04,7.576800853144050052e-04,6.997130605981283225e-04,6.429310545854605152e-04,5.877792312674046116e-04,5.346436364561668597e-04,4.838487949712089176e-04,4.356569472179216973e-04,3.902688061003800613e-04,3.478256757603048754e-04,3.084127545918136093e-04,2.720634047364001162e-04,2.387641850134514243e-04,2.084604101071363402e-04,1.810620387487915650e-04,1.564496782151536536e-04,1.344805315568464721e-04,1.149941275997434786e-04,9.781770125982802710e-05,8.277112321763979708e-05,6.967130534007992537e-05,5.833603268001752440e-05,4.858719894684782048e-05,4.025345117497636238e-05,3.317225402099666098e-05,2.719141639317967929e-05,2.217012519167838036e-05,1.797953603954738355e-05,1.450298756822121504e-05,1.163589709562984353e-05,9.285398391511989757e-06,7.369777392796095228e-06,5.817769050509014050e-06,4.567746486827672925e-06,3.566863142623333260e-06,2.770163547438642127e-06,2.139718162652570754e-06,1.643759532043986837e-06,1.255918220977036981e-06,9.544283159357291879e-07,7.215401467419724213e-07,5.427961298209993402e-07,4.066216945375344949e-07,3.037365274849435082e-07,2.268370451474766014e-07,1.702235863376699854e-07,1.295829576974938391e-07,1.016862825053976849e-07,8.429287845501676202e-08,7.595527051762474002e-08
9.166838310648017796e-08,1.016862825053976849e-07,1.225784274083707714e-07,1.560758846608223394e-07,2.048594183179375250e-07,2.727858401385674370e-07,3.650052633474842878e-07,4.883172266545443563e-07,6.514356840625623590e-07,8.654201195668065338e-07,1.144057335977777257e-06,1.504551846664980985e-06,1.968009541997162160e-06,2.560294220188552572e-06,3.312712223646485654e-06,4.262950966449352563e-06,5.455971745504939463e-06,6.945021169713072595e-06,8.792640059596124047e-06,1.107169806857655203e-05,1.386639198130978912e-05,1.727317638255954080e-05,2.140157553753851971e-05,2.637482054979045643e-05,3.233024651194682519e-05,3.941938790319454711e-05,4.780769447165766906e-05,5.767380164911628526e-05,6.920828576539861388e-05,8.261183805302607652e-05,9.809280976469381130e-05,1.158640848615277719e-04,1.361392606185063414e-04,1.591281427124613401e-04,1.850315737499386159e-04,2.140356632196471764e-04,2.463054979102707875e-04,2.819784638461442228e-04,3.211573242651866167e-04,3.639032462672275869e-04,4.102289838670003519e-04,4.600924474686962640e-04,5.133909165238037531e-04,5.699561376957262837e-04,6.295505697551107005e-04,6.918650076528365389e-04,7.565177961765812142e-04,8.230558158572875982e-04,8.909573672895021446e-04,9.596370284867816736e-04,1.028452505465793365e-03,1.096713409850735843e-03,1.163691850479153800e-03,1.228634631672775868e-03,1.290776805674909156e-03,1.349356244205068833e-03,1.403628865148220939e-03,1.452884089019335079e-03,1.496460094216445214e-03,1.533758413401642429e-03,1.564257431581950186e-03,1.587524365817216676e-03,1.603225351985315683e-03,1.611133306653300679e-03,1.611133317723556502e-03,1.603225384485540417e-03,1.587524418226848866e-03,1.564257501485144530e-03,1.533758497998860548e-03,1.496460189201798130e-03,1.452884191209591336e-03,1.403628971360149080e-03,1.349356352150721250e-03,1.290776912782121144e-03,1.228634735682021528e-03,1.163691950011980225e-03,1.096713503486057562e-03,1.028452591981476871e-03,9.596371074565013259e-04,8.909574382158780281e-04,8.230558787261088582e-04,7.565178509594261413e-04,6.918650547760307745e-04,6.295506103128900577e-04,5.699561715175605059e-04,5.133909445476092515e-04,4.600924705044917573e-04,4.102290022558463534e-04,3.639032610323056360e-04,3.211573355912378247e-04,2.819784728274044028e-04,2.463055048451678886e-04,2.140356684208200022e-04,1.850315776721345173e-04,1.591281457251625397e-04,1.361392629490865147e-04,1.158640863820892264e-04,9.809281097261646210e-05,8.261183891988821415e-05,6.920828631962194777e-05,5.767380201859850786e-05,4.780769475587476336e-05,3.941938828688762442e-05,3.233024666826622706e-05,2.637482073453156772e-05,2.140157560859279329e-05,1.727317646782466909e-05,1.386639198130978912e-05,1.107169806857655203e-05,8.792640059596124047e-06,6.945021169713072595e-06,5.455971745504939463e-06,4.262950966449352563e-06,3.312712223646485654e-06,2.560294220188552572e-06,1.968009541997162160e-06,1.504551846664980985e-06,1.144057335977777257e-06,8.654201195668065338e-07,6.514356840625623590e-07,4.883172266545443563e-07,3.650052633474842878e-07,2.727858401385674370e-07,2.048594183179375250e-07,1.560758846608223394e-07,1.225784274083707714e-07,1.016862825053976849e-07,9.166838310648017796e-08
1.168756398328696378e-07,1.295829576974938391e-07,1.560758846608223394e-07,1.985373501156573184e-07,2.603521664923391654e-07,3.463805171577405417e-07,4.631059482562704943e-07,6.190860517563123722e-07,8.252848289203029708e-07,1.095598150868681842e-06,1.447340210347647371e-06,1.902093359262835293e-06,2.486310336280439515e-06,3.232378048778627999e-06,4.179462109732412500e-06,5.374668148760974873e-06,6.874138819057407090e-06,8.744297929297317751e-06,1.106308623377572076e-05,1.392122618426583358e-05,1.742343322064243694e-05,2.168954392800515052e-05,2.685548746228505479e-05,3.307403503072237072e-05,4.051525586135085177e-05,4.936658315557451715e-05,5.983241871376776544e-05,7.213318141907620884e-05,8.650371546536916867e-05,1.031909915099049613e-04,1.224510281758739438e-04,1.445449936881004760e-04,1.697344664108868528e-04,1.982758595033828897e-04,2.304140437843216205e-04,2.663752445926093060e-04,3.063593320007385046e-04,3.505316393841440004e-04,3.990145203260908602e-04,4.518788564666920138e-04,5.091357822948339162e-04,5.707289081726685254e-04,6.365273459181253202e-04,7.063198425782957202e-04,7.798103227543151661e-04,8.566151313686987123e-04,9.362622197954806325e-04,1.018192496545111680e-03,1.101763485905848938e-03,1.186255385903223214e-03,1.270879532867752459e-03,1.354789201229777973e-03,1.437092582108334682e-03,1.516867697787915858e-03,1.593178929283567413e-03,1.665094766991614961e-03,1.731706323255366442e-03,1.792146109622194672e-03,1.845606544691236195e-03,1.891357651402358897e-03,1.928763409182465693e-03,1.957296259973873020e-03,1.976549313241093841e-03,1.986245855945867334e-03,1.986245875642111969e-03,1.976549371775604413e-03,1.957296354774484826e-03,1.928763535786970351e-03,1.891357804666427000e-03,1.845606717168379873e-03,1.792146294860685884e-03,1.731706516338249457e-03,1.665094962660873534e-03,1.593179123318577695e-03,1.516867886479644767e-03,1.437092762770930676e-03,1.354789370765274725e-03,1.270879689599269113e-03,1.186255529333379855e-03,1.101763614599349239e-03,1.018192610672485898e-03,9.362623193140962030e-04,8.566152174012131582e-04,7.798103959402169494e-04,7.063199038555012521e-04,6.365273965514006704e-04,5.707289494694123277e-04,5.091358157329750611e-04,4.518788833394182802e-04,3.990145412728907104e-04,3.505316555845183757e-04,3.063593443499712521e-04,2.663752541991470935e-04,2.304140508755381234e-04,1.982758648040316984e-04,1.697344700914982241e-04,1.445449964307954360e-04,1.224510301653936040e-04,1.031909928315144498e-04,8.650371643170728930e-05,7.213318183119099558e-05,5.983241914009340690e-05,4.936658329768306430e-05,4.051525610293538193e-05,3.307403511598749901e-05,2.685548747649590950e-05,2.168954392800515052e-05,1.742343322064243694e-05,1.392122618426583358e-05,1.106308623377572076e-05,8.744297929297317751e-06,6.874138819057407090e-06,5.374668148760974873e-06,4.179462109732412500e-06,3.232378048778627999e-06,2.486310336280439515e-06,1.902093359262835293e-06,1.447340210347647371e-06,1.095598150868681842e-06,8.252848289203029708e-07,6.190860517563123722e-07,4.631059482562704943e-07,3.463805171577405417e-07,2.603521664923391654e-07,1.985373501156573184e-07,1.560758846608223394e-07,1.295829576974938391e-07,1.168756398328696378e-07
1.536057823159353575e-07,1.702235863376699854e-07,2.048594183179375250e-07,2.603521664923391654e-07,3.411085742754949024e-07,4.534419986157445237e-07,6.057686903204739792e-07,8.091925280950817978e-07,1.077937909599313571e-06,1.430008893521517166e-06,1.887825774815610202e-06,2.479304598068665655e-06,3.238630981172718748e-06,4.207623490515288722e-06,5.436802666736184619e-06,6.986878744896785065e-06,8.930137937568360940e-06,1.135201996760315524e-05,1.435268167426784203e-05,1.804858374043760705e-05,2.257401402516734379e-05,2.808248804342383664e-05,3.474795039437594824e-05,4.276568384398160561e-05,5.235283325077944028e-05,6.374843880507796712e-05,7.721286496575885394e-05,9.302652460974059068e-05,1.114877891552623623e-04,1.329099974611835933e-04,1.576174791182438639e-04,1.859405494428756356e-04,2.182094394811429083e-04,2.547471858065364358e-04,2.958615189356805786e-04,3.418358603823890007e-04,3.929195629837067827e-04,4.493175956099548785e-04,5.111799154775553689e-04,5.785908148965290820e-04,6.515585665454182163e-04,7.300057308725627081e-04,8.137604997955349972e-04,9.025494594396832326e-04,9.959921501376811648e-04,1.093597774186605420e-03,1.194764364640832355e-03,1.298780669742427563e-03,1.404830935314294038e-03,1.512002691526959097e-03,1.619297535626174067e-03,1.725644829861039398e-03,1.829918098309235575e-03,1.930953821357661582e-03,2.027572219503781525e-03,2.118599537709542346e-03,2.202891250504990239e-03,2.279355571872088149e-03,2.346976602396466660e-03,2.404836445492719577e-03,2.452135624594120600e-03,2.488211188165223575e-03,2.512551930209383499e-03,2.524810250761788666e-03,2.524810285635226137e-03,2.512552033365977877e-03,2.488211355213820752e-03,2.452135847107683730e-03,2.404836714532621045e-03,2.346976904917141837e-03,2.279355897272239417e-03,2.202891589405453487e-03,2.118599881384852779e-03,2.027572560550083836e-03,1.930954152882691233e-03,1.829918415808151622e-03,1.725645128345831836e-03,1.619297812183617680e-03,1.512002943456991488e-03,1.404831161863739908e-03,1.298780870314431013e-03,1.194764540144888088e-03,1.093597925461153864e-03,9.959922791864528335e-04,9.025495679537698379e-04,8.137605893381305577e-04,7.300058040584644914e-04,6.515586254636218655e-04,5.785908620765667365e-04,5.111799526105187397e-04,4.493176245148333692e-04,3.929195851100075743e-04,3.418358772364626930e-04,2.958615314838652921e-04,2.547471950720137102e-04,2.182094461318229150e-04,1.859405544166747859e-04,1.576174825856924144e-04,1.329099999907157326e-04,1.114877909742517659e-04,9.302652566134383960e-05,7.721286580419928214e-05,6.374843940193386516e-05,5.235283370552679116e-05,4.276568412819869991e-05,3.474795060753876896e-05,2.808248829921922152e-05,2.257401402516734379e-05,1.804858374043760705e-05,1.435268167426784203e-05,1.135201996760315524e-05,8.930137937568360940e-06,6.986878744896785065e-06,5.436802666736184619e-06,4.207623490515288722e-06,3.238630981172718748e-06,2.479304598068665655e-06,1.887825774815610202e-06,1.430008893521517166e-06,1.077937909599313571e-06,8.091925280950817978e-07,6.057686903204739792e-07,4.534419986157445237e-07,3.411085742754949024e-07,2.603521664923391654e-07,2.048594183179375250e-07,1.702235863376699854e-07,1.536057823159353575e-07
2.047864029464108171e-07,2.268370451474766014e-07,2.727858401385674370e-07,3.463805171577405417e-07,4.534419986157445237e-07,6.022962821816690848e-07,8.040320267355127726e-07,1.073274333407425729e-06,1.428757883559228503e-06,1.894162977578162099e-06,2.498963397101761075e-06,3.279819338786182925e-06,4.281583045440129354e-06,5.559077891348351841e-06,7.178474561442271806e-06,9.219218483735858172e-06,1.177581643219127727e-05,1.495986762733991782e-05,1.890206681309791747e-05,2.375423645162300090e-05,2.969126234120267327e-05,3.691286796936310566e-05,4.564511522175962455e-05,5.614152941291195020e-05,6.868370377333121723e-05,8.358127169572071580e-05,1.011710898808360071e-04,1.218155047411073610e-04,1.458995696168585710e-04,1.738270938176356140e-04,2.060154334913022467e-04,2.428889577288373403e-04,2.848711636431744409e-04,3.323754605162321241e-04,3.857946972232184635e-04,4.454895608319020539e-04,5.117760386070813183e-04,5.849122012051566344e-04,6.650846155906720014e-04,7.523947645040607313e-04,8.468458930792621686e-04,9.483307321573875015e-04,1.056620586609824386e-03,1.171356270802448307e-03,1.292041364919782609e-03,1.418038240018404395e-03,1.548567231182573778e-03,1.682709287635475448e-03,1.819412311817814043e-03,1.957501314251430813e-03,2.095692377153568486e-03,2.232610287421721296e-03,2.366809587357465716e-03,2.496798632733998602e-03,2.621066145110262369e-03,2.738109627784979239e-03,2.846464919969093899e-03,2.944736097589384372e-03,3.031624885139194703e-03,3.105958731140390228e-03,3.166716709131378593e-03,3.213052471352284556e-03,3.244313532860587657e-03,3.260056299893676623e-03,3.260056360005592069e-03,3.244313710936808093e-03,3.213052758312073820e-03,3.166717092341286843e-03,3.105959194414253943e-03,3.031625406407556511e-03,2.944736657951807501e-03,2.846465503267836539e-03,2.738110219212330776e-03,2.621066731919086124e-03,2.496799203910882170e-03,2.366810133722196952e-03,2.232610801911505405e-03,2.095692853515629395e-03,1.957501748904633132e-03,1.819412702531053583e-03,1.682709634025059131e-03,1.548567534086942032e-03,1.418038501370233462e-03,1.292041587362291466e-03,1.171356457561500974e-03,1.056620741593405910e-03,9.483308586482053215e-04,8.468459954968921011e-04,7.523948461596319248e-04,6.650846798947895877e-04,5.849122512131543772e-04,5.117760770616541777e-04,4.454895898362565276e-04,3.857947186531873740e-04,3.323754769724018843e-04,2.848711753387078716e-04,2.428889661132416222e-04,2.060154396303914837e-04,1.738270979956269002e-04,1.458995724306078046e-04,1.218155065316750552e-04,1.011710912734997692e-04,8.358127266205883643e-05,6.868370432755455113e-05,5.614152971133989922e-05,4.564511536386817170e-05,3.691286805462823395e-05,2.969126234120267327e-05,2.375423645162300090e-05,1.890206681309791747e-05,1.495986762733991782e-05,1.177581643219127727e-05,9.219218483735858172e-06,7.178474561442271806e-06,5.559077891348351841e-06,4.281583045440129354e-06,3.279819338786182925e-06,2.498963397101761075e-06,1.894162977578162099e-06,1.428757883559228503e-06,1.073274333407425729e-06,8.040320267355127726e-07,6.022962821816690848e-07,4.534419986157445237e-07,3.463805171577405417e-07,2.727858401385674370e-07,2.268370451474766014e-07,2.047864029464108171e-07
2.743292668583308114e-07,3.037365274849435082e-07,3.650052633474842878e-07,4.631059482562704943e-07,6.057686903204739792e-07,8.040320267355127726e-07,1.072584694838951691e-06,1.430795222745473438e-06,1.903472423236962641e-06,2.521932060517428908e-06,3.325132070131076034e-06,4.361478517012074008e-06,5.690144774916916504e-06,7.383399861282669008e-06,9.528391885282871954e-06,1.222966393754632008e-05,1.561146011397340772e-05,1.982036202718973072e-05,2.502786779245980142e-05,3.143300504859780631e-05,3.926480687255207158e-05,4.878456539358921873e-05,6.028772432387086155e-05,7.410525537920875649e-05,9.060436889285483630e-05,1.101883714937912373e-04,1.332955041135619467e-04,1.603965766605597310e-04,1.919912403423040814e-04,2.286027456506189992e-04,2.707710742981817020e-04,3.190443672593801239e-04,3.739686168842126790e-04,4.360756632024731516e-04,5.058695910804544837e-04,5.838117039047574508e-04,6.703043276132802930e-04,7.656737832348881057e-04,8.701529287975517946e-04,9.838637652705983783e-04,1.106800635682247957e-03,1.238814609422433932e-03,1.379599669377284954e-03,1.528681310176693842e-03,1.685408161577583996e-03,1.848947187397698144e-03,2.018282948625937934e-03,2.192221324520460257e-03,2.369397965679809204e-03,2.548291616108144808e-03,2.727242282503539172e-03,2.904474077098484486e-03,3.078122370794744711e-03,3.246264758899997105e-03,3.406955152641444329e-03,3.558260201771190623e-03,3.698297116955018282e-03,3.825271889212444876e-03,3.937516840778698679e-03,4.033526436558076966e-03,4.111990299719536779e-03,4.171822444021699994e-03,4.212185827540793071e-03,4.232511477653133625e-03,4.232511579559172787e-03,4.212186128995654144e-03,4.171822929521340484e-03,4.111990948359789400e-03,4.033527221224630921e-03,3.937517722405914355e-03,3.825272837502780021e-03,3.698298103813613125e-03,3.558261202243784282e-03,3.406956145283857040e-03,3.246265725593389107e-03,3.078123295225054790e-03,2.904474947399648954e-03,2.727243088870068277e-03,2.548292351804093414e-03,2.369398627820373804e-03,2.192221911400338286e-03,2.018283462007275375e-03,1.848947630605835002e-03,1.685408538804722411e-03,1.528681627107175700e-03,1.379599932661790263e-03,1.238814824972678252e-03,1.106800809381525141e-03,9.838639041106489458e-04,8.701530381358679733e-04,7.656738681447450290e-04,6.703043930826879659e-04,5.838117534437969880e-04,5.058696283981589659e-04,4.360756906578444614e-04,3.739686368504635539e-04,3.190443819960364635e-04,2.707710848142141913e-04,2.286027528413114851e-04,1.919912451455729752e-04,1.603965801422191362e-04,1.332955062736118634e-04,1.101883727301355975e-04,9.060436991603637580e-05,7.410525599027550925e-05,6.028772484967248602e-05,4.878456590517998848e-05,3.926480695781719987e-05,3.143300509123037045e-05,2.502786782088151085e-05,1.982036204140058544e-05,1.561146011397340772e-05,1.222966393754632008e-05,9.528391885282871954e-06,7.383399861282669008e-06,5.690144774916916504e-06,4.361478517012074008e-06,3.325132070131076034e-06,2.521932060517428908e-06,1.903472423236962641e-06,1.430795222745473438e-06,1.072584694838951691e-06,8.040320267355127726e-07,6.057686903204739792e-07,4.631059482562704943e-07,3.650052633474842878e-07,3.037365274849435082e-07,2.743292668583308114e-07
3.674033450806746259e-07,4.066216945375344949e-07,4.883172266545443563e-07,6.190860517563123722e-07,8.091925280950817978e-07,1.073274333407425729e-06,1.430795222745473438e-06,1.907409554746664071e-06,2.535979859885628684e-06,3.357929159619743587e-06,4.424766046895456384e-06,5.800426421842530544e-06,7.563001361177157378e-06,9.807790604554611491e-06,1.264961034053158073e-05,1.622607878459803032e-05,2.070060121184269519e-05,2.626578154263370379e-05,3.314675056742544257e-05,4.160452672863357293e-05,5.193918082113668788e-05,6.449270006214646855e-05,7.965136430243546783e-05,9.784743954810437572e-05,1.195599843697436881e-04,1.453145400915900609e-04,1.756814796749495144e-04,2.112727888459176029e-04,2.527370718183874487e-04,3.007525971270297305e-04,3.560182400690337090e-04,4.192422267266238123e-04,4.911286610251863749e-04,5.723618783122219611e-04,6.635887698251963229e-04,7.653993164353778411e-04,8.783056588299587020e-04,1.002720154431813171e-03,1.138932949373838710e-03,1.287089687480147404e-03,1.447170060430380545e-03,1.618967950093974650e-03,1.802073943764526121e-03,1.995861020205325076e-03,2.199474157336567259e-03,2.411824573798071469e-03,2.631589208277773650e-03,2.857215925672562662e-03,3.086934786296069433e-03,3.318775525627870593e-03,3.550591217162946123e-03,3.780087855730585034e-03,4.004859412589212297e-03,4.222427684254626001e-03,4.430286080122414205e-03,4.625946307072581476e-03,4.806986776756616564e-03,4.971101455126358815e-03,5.116147802823434176e-03,5.240192449406322339e-03,5.341553268351617589e-03,5.418836603183763145e-03,5.470968524349473228e-03,5.497219156239907534e-03,5.497219326542790441e-03,5.470969029602201772e-03,5.418837416868882428e-03,5.341554354814093131e-03,5.240193763185629905e-03,5.116149279558612761e-03,4.971103042919366999e-03,4.806988428413205838e-03,4.625947981267586329e-03,4.430287741655547507e-03,4.222429301847796523e-03,4.004860959923917108e-03,3.780089312215295649e-03,3.550592566654131588e-03,3.318776757822661239e-03,3.086935894884845766e-03,2.857216909234239210e-03,2.631590068816080930e-03,2.411825316883664527e-03,2.199474790216982001e-03,1.995861552387623306e-03,1.802074385395258105e-03,1.618968311504431767e-03,1.447170352889770584e-03,1.287089921021333794e-03,1.138933133304931289e-03,1.002720297634596136e-03,8.783057686514439411e-04,7.653993998104624552e-04,6.635888323671679245e-04,5.723619243269695289e-04,4.911286948470205971e-04,4.192422508850768281e-04,3.560182573352221880e-04,3.007526090073042724e-04,2.527370801885808760e-04,2.112727943313075230e-04,1.756814835545128517e-04,1.453145426779656191e-04,1.195599859755702710e-04,9.784744072760531708e-05,7.965136509824333189e-05,6.449270034636356286e-05,5.193918104851036333e-05,4.160452699863981252e-05,3.314675059584715200e-05,2.626578158526626794e-05,2.070060131131867820e-05,1.622607878459803032e-05,1.264961034053158073e-05,9.807790604554611491e-06,7.563001361177157378e-06,5.800426421842530544e-06,4.424766046895456384e-06,3.357929159619743587e-06,2.535979859885628684e-06,1.907409554746664071e-06,1.430795222745473438e-06,1.073274333407425729e-06,8.091925280950817978e-07,6.190860517563123722e-07,4.883172266545443563e-07,4.066216945375344949e-07,3.674033450806746259e-07
4.906341786181656062e-07,5.427961298209993402e-07,6.514356840625623590e-07,8.252848289203029708e-07,1.077937909599313571e-06,1.428757883559228503e-06,1.903472423236962641e-06,2.535979859885628684e-06,3.369701374822398066e-06,4.459299873360578204e-06,5.872713146004571172e-06,7.694189633866699296e-06,1.002654366288879828e-05,1.299515304253873182e-05,1.675093716357878293e-05,2.147463763435553119e-05,2.738067176721870055e-05,3.472154358519219386e-05,4.379212560934320209e-05,5.493396628253321978e-05,6.853933112438426178e-05,8.505482954035414878e-05,1.049843873772715597e-04,1.288913175159223101e-04,1.573992153964809404e-04,1.911913909680151846e-04,2.310085468906208916e-04,2.776444122218890698e-04,3.319390763181218063e-04,3.947697791204518580e-04,4.670389950547360058e-04,5.496596949683407729e-04,6.435377646596407430e-04,7.495516601636609266e-04,8.685294929762221727e-04,1.001223862772349094e-03,1.148284878695449152e-03,1.310231947741158365e-03,1.487425022702382194e-03,1.680036117718941568e-03,1.888021994474797793e-03,2.111098972676472840e-03,2.348720882878296834e-03,2.600061143013476794e-03,2.863999941354222756e-03,3.139117389636680855e-03,3.423693420842255364e-03,3.715715024796395483e-03,4.012891223638348492e-03,4.312675965408629963e-03,4.612298861701447095e-03,4.908803426644681167e-03,5.199092215576683884e-03,5.479977997069340745e-03,5.748239846099068018e-03,6.000682838745774461e-03,6.234199847924060123e-03,6.445833815902801689e-03,6.632838796349460608e-03,6.792738051956348500e-03,6.923377526334206777e-03,7.022973124719555926e-03,7.090150381259263668e-03,7.123975327090192877e-03,7.123975608493537948e-03,7.090151214299567073e-03,7.022974466963205487e-03,6.923379319303535340e-03,6.792740218557469234e-03,6.632841231038355545e-03,6.445836432718010656e-03,6.234202569174840391e-03,6.000685597058463827e-03,5.748242582768625653e-03,5.479980661220906768e-03,5.199094764577694150e-03,4.908805825806439316e-03,4.612301084875980450e-03,4.312677995045532953e-03,4.012893050145294183e-03,3.715716645643851734e-03,3.423694839185031924e-03,3.139118614200242519e-03,2.864000984686754236e-03,2.600062020192694945e-03,2.348721611113546714e-03,2.111099569560792588e-03,1.888022476947526229e-03,1.680036503074688881e-03,1.487425326388347457e-03,1.310232183996618005e-03,1.148285060267539848e-03,1.001224000518163848e-03,8.685295961186056957e-04,7.495517361917336530e-04,6.435378204798780644e-04,5.496597352987464546e-04,4.670390233627585985e-04,3.947697988309073480e-04,3.319390901594942989e-04,2.776444218000051478e-04,2.310085527739147437e-04,1.911913950038979237e-04,1.573992181533867551e-04,1.288913191643814571e-04,1.049843884572965180e-04,8.505483030774030340e-05,6.853933149386648438e-05,5.493396673728057067e-05,4.379212560934320209e-05,3.472154376993330516e-05,2.738067178142955527e-05,2.147463767698809534e-05,1.675093716357878293e-05,1.299515304253873182e-05,1.002654366288879828e-05,7.694189633866699296e-06,5.872713146004571172e-06,4.459299873360578204e-06,3.369701374822398066e-06,2.535979859885628684e-06,1.903472423236962641e-06,1.428757883559228503e-06,1.077937909599313571e-06,8.252848289203029708e-07,6.514356840625623590e-07,5.427961298209993402e-07,4.906341786181656062e-07
6.524460047785396455e-07,7.215401467419724213e-07,8.654201195668065338e-07,1.095598150868681842e-06,1.430008893521517166e-06,1.894162977578162099e-06,2.521932060517428908e-06,3.357929159619743587e-06,4.459299873360578204e-06,5.897891014683409594e-06,7.762957835666384199e-06,1.016507562212609628e-05,1.323907973471705191e-05,1.714926790441495541e-05,2.209323666590989887e-05,2.830743596859974787e-05,3.607211718303915404e-05,4.571701933286931308e-05,5.762684665455708455e-05,7.224677756312303245e-05,9.008758858897181199e-05,1.117302319215696116e-04,1.378295296348142074e-04,1.691166822155310001e-04,2.064002290040889420e-04,2.505650971329487220e-04,3.025693620344327428e-04,3.634383622710402051e-04,4.342558317489420006e-04,5.161517629517220485e-04,6.102867906463416148e-04,7.178329646961856270e-04,8.399509062684273886e-04,9.777634543581825710e-04,1.132326083308043962e-03,1.304594493603872252e-03,1.495389980362915594e-03,1.705363314911778616e-03,1.934958047712598272e-03,2.184374271465117090e-03,2.453533990546929999e-03,2.742049338252172674e-03,3.049194901564078464e-03,3.373885426853462377e-03,3.714660110290424200e-03,4.069674578360604755e-03,4.436701497027684127e-03,4.813140551505057374e-03,5.196038263477475994e-03,5.582117851432144562e-03,5.967819001014618152e-03,6.349347088871581946e-03,6.722731067554832407e-03,7.083888894698020522e-03,7.428699087498102926e-03,7.753076714976714356e-03,8.053051935974053777e-03,8.324849024319291857e-03,8.564963742387021739e-03,8.770236896452843212e-03,8.937921981100771518e-03,9.065744940883746494e-03,9.151954286465979749e-03,9.195360065746172040e-03,9.195360524159923443e-03,9.151955643801557017e-03,9.065747127451118104e-03,8.937924901104565834e-03,8.770240425093334125e-03,8.564967706433890271e-03,8.324853283227184875e-03,8.053056363678479102e-03,7.753081201926192989e-03,7.428703538352010582e-03,7.083893226337067972e-03,6.722735211141639411e-03,6.349350989154345370e-03,5.967822615602358383e-03,5.582121151633145928e-03,5.196041233318737795e-03,4.813143187362811659e-03,4.436703804344688251e-03,4.069676570566116425e-03,3.714661808203345572e-03,3.373886854532770485e-03,3.049196086578831455e-03,2.742050309151977672e-03,2.453534775582966176e-03,2.184374898064334047e-03,1.934958541895070994e-03,1.705363699073814132e-03,1.495390275294994353e-03,1.304594717367990597e-03,1.132326250910864474e-03,9.777635784473659442e-04,8.399509965784091037e-04,7.178330295118939830e-04,6.102868364905589260e-04,5.161517949687777218e-04,4.342558541736707411e-04,3.634383775619198786e-04,3.025693720957178812e-04,2.505651038120504381e-04,2.064002335373515962e-04,1.691166849866476696e-04,1.378295311553756619e-04,1.117302328452751681e-04,9.008758931372540246e-05,7.224677790418354562e-05,5.762684672561135812e-05,4.571701944655615080e-05,3.607211718303915404e-05,2.830743596859974787e-05,2.209323673696417245e-05,1.714926790441495541e-05,1.323907974892790662e-05,1.016507562212609628e-05,7.762957835666384199e-06,5.897891014683409594e-06,4.459299873360578204e-06,3.357929159619743587e-06,2.521932060517428908e-06,1.894162977578162099e-06,1.430008893521517166e-06,1.095598150868681842e-06,8.654201195668065338e-07,7.215401467419724213e-07,6.524460047785396455e-07
8.633483048470225185e-07,9.544283159357291879e-07,1.144057335977777257e-06,1.447340210347647371e-06,1.887825774815610202e-06,2.498963397101761075e-06,3.325132070131076034e-06,4.424766046895456384e-06,5.872713146004571172e-06,7.762957835666384199e-06,1.021220421648649790e-05,1.336489347636415914e-05,1.739701309588781442e-05,2.252284349424371612e-05,2.899987016746763402e-05,3.713595498311406118e-05,4.729566457228884246e-05,5.990755821017046401e-05,7.547116686623667192e-05,9.456399149598837539e-05,1.178479774921470380e-04,1.460752475708204656e-04,1.800926677333336556e-04,2.208448530751638827e-04,2.693751467433003199e-04,3.268241114540160197e-04,3.944250574221541683e-04,4.734961537877779847e-04,5.654286974561273382e-04,6.716711989156465279e-04,7.937090130667456833e-04,9.330393848188123229e-04,1.091141901213177334e-03,1.269444531999397441e-03,1.469285608450832115e-03,1.691872309280029185e-03,1.938236415725214101e-03,2.209188305215548098e-03,2.505270353978517051e-03,2.826711071264753627e-03,3.173381440134903642e-03,3.544755025714607655e-03,3.939873453504105782e-03,4.357318847183933030e-03,4.795194742570174640e-03,5.251116836035407687e-03,5.722214734674935244e-03,6.205145592076632965e-03,6.696120204523481334e-03,7.190941760683244866e-03,7.685057051233457059e-03,8.173619522494846024e-03,8.651563144113083581e-03,9.113685646070734947e-03,9.554739333225370501e-03,9.969527331790573044e-03,1.035300288609164454e-02,1.070036912128102813e-02,1.100717659316785557e-02,1.126941592586661045e-02,1.148360291882966067e-02,1.164685368321727310e-02,1.175694760506473813e-02,1.181237628964026953e-02,1.181237702537885070e-02,1.175694978508090571e-02,1.164685719422209331e-02,1.148360760707589634e-02,1.126942158970223318e-02,1.100718295391800439e-02,1.070037595192729896e-02,1.035300998532306949e-02,9.969534523023071415e-03,9.554746464459640265e-03,9.113692585160038107e-03,8.651569780766976692e-03,8.173625768961301219e-03,7.685062839613010510e-03,7.190947045828011142e-03,6.696124961763416650e-03,6.205149813723664920e-03,5.722218430221914787e-03,5.251120027793376721e-03,4.795197462584610548e-03,4.357321134818903374e-03,3.939875352259036845e-03,3.544756581277397345e-03,3.173382698221871578e-03,2.826712075730597462e-03,2.505271145679444089e-03,2.209188921199256583e-03,1.938236888690880733e-03,1.691872667876737069e-03,1.469285876680714864e-03,1.269444729928181914e-03,1.091142045680726369e-03,9.330394884727866156e-04,7.937090866931839628e-04,6.716712505721034177e-04,5.654287329264207074e-04,4.734961778325441628e-04,3.944250737504262361e-04,3.268241219700485090e-04,2.693751534792454549e-04,2.208448575515831180e-04,1.800926706891914364e-04,1.460752492192796126e-04,1.178479785437502869e-04,9.456399209284427343e-05,7.547116712203205680e-05,5.990755843754413945e-05,4.729566457228884246e-05,3.713595506837918947e-05,2.899987016746763402e-05,2.252284352266542555e-05,1.739701309588781442e-05,1.336489347636415914e-05,1.021220421648649790e-05,7.762957835666384199e-06,5.872713146004571172e-06,4.424766046895456384e-06,3.325132070131076034e-06,2.498963397101761075e-06,1.887825774815610202e-06,1.447340210347647371e-06,1.144057335977777257e-06,9.544283159357291879e-07,8.633483048470225185e-07
1.136476072360892431e-06,1.255918220977036981e-06,1.504551846664980985e-06,1.902093359262835293e-06,2.479304598068665655e-06,3.279819338786182925e-06,4.361478517012074008e-06,5.800426421842530544e-06,7.694189633866699296e-06,1.016507562212609628e-05,1.336489347636415914e-05,1.748134508261500741e-05,2.274294223525430425e-05,2.942770747438316903e-05,3.786942461658782122e-05,4.846685534687367181e-05,6.169178338666370109e-05,7.809830131577655266e-05,9.833165570682922407e-05,1.231370826246802608e-04,1.533679354253081328e-04,1.899928195427946775e-04,2.341011879565257914e-04,2.869068948143649322e-04,3.497491119901496859e-04,4.240900304353090178e-04,5.115087357978609361e-04,6.136906960847454684e-04,7.324123363900980621e-04,8.695202765238718712e-04,1.026904913203452452e-03,1.206468194666854288e-03,1.410085616186051993e-03,1.639562685426199096e-03,1.896586334538596930e-03,2.182672028368415340e-03,2.499107558037394483e-03,2.846894780873299169e-03,3.226690791109376732e-03,3.638750223529996219e-03,4.082870547648553838e-03,4.558342329090692147e-03,5.063906464272349695e-03,5.597720377210180231e-03,6.157335055064550033e-03,6.739684601583917356e-03,7.341089724960170315e-03,7.957276234265009407e-03,8.583409195153990368e-03,9.214142953766213395e-03,9.843686718397748336e-03,1.046588487977828663e-02,1.107431073863551774e-02,1.166237180260054629e-02,1.222342436216194983e-02,1.275089467307566338e-02,1.323840374482188054e-02,1.367989251617984792e-02,1.406974408871519699e-02,1.440289966888030904e-02,1.467496497828335578e-02,1.488230412115854051e-02,1.502211818720411429e-02,1.509250632736325315e-02,1.509250749296597860e-02,1.502212163985916504e-02,1.488230967976278407e-02,1.467497240088277977e-02,1.440290863352799988e-02,1.406975415271460861e-02,1.367990331806367976e-02,1.323841496605382417e-02,1.275090603544981605e-02,1.222343562591277077e-02,1.166238276046271949e-02,1.107432121771978473e-02,1.046589474023562616e-02,9.843695855906275938e-03,9.214151297229022930e-03,8.583416704141200171e-03,7.957282898587436648e-03,7.341095559269206205e-03,6.739689640269830306e-03,6.157339349556423258e-03,5.597723988472580459e-03,5.063909461753723917e-03,4.558344785408507960e-03,4.082872533928139092e-03,3.638751808921369957e-03,3.226692040527723293e-03,2.846895752597333740e-03,2.499108303723573954e-03,2.182672593221468560e-03,1.896586756970464194e-03,1.639562997326038385e-03,1.410085843247088633e-03,1.206468357310086503e-03,1.026905028481905902e-03,8.695203568152010121e-04,7.324123918834857250e-04,6.136907337008778995e-04,5.115087609794954915e-04,4.240900467209485214e-04,3.497491223924953374e-04,2.869069014224123748e-04,2.341011922624147701e-04,1.899928218875857056e-04,1.533679370027130062e-04,1.231370833210121418e-04,9.833165617578742967e-05,7.809830162841535639e-05,6.169178357140481239e-05,4.846685543213880010e-05,3.786942461658782122e-05,2.942770751701573317e-05,2.274294223525430425e-05,1.748134508261500741e-05,1.336489347636415914e-05,1.016507562212609628e-05,7.694189633866699296e-06,5.800426421842530544e-06,4.361478517012074008e-06,3.279819338786182925e-06,2.479304598068665655e-06,1.902093359262835293e-06,1.504551846664980985e-06,1.255918220977036981e-06,1.136476072360892431e-06
