8.056027705663382221e-01,8.095297622942609905e-01,8.173123489408453679e-01,8.288086246702732751e-01,8.438094708308057079e-01,8.620422761624979557e-01,8.831769301338852074e-01,9.068320666154079390e-01,9.325833375934990954e-01,9.599717797541416076e-01,9.885137857618531143e-01,1.017710661255904370e+00,1.047059201939589457e+00,1.076061678188978021e+00,1.104235906709845949e+00,1.131124320277976381e+00,1.156302406686563700e+00,1.179385801240528053e+00,1.200036222267485186e+00,1.217965839705328790e+00,1.232940239009039374e+00,1.244779819223992945e+00,1.253359829020197935e+00,1.258609063028842456e+00,1.260507452424633357e+00,1.259082696648988531e+00,1.254406154406652263e+00,1.246588219674734432e+00,1.235773321533883973e+00,1.222134834129931846e+00,1.205869903290420098e+00,1.187194518102444363e+00,1.166338709150835484e+00,1.143542193032914156e+00,1.119050272935481871e+00,1.093110284642335728e+00,1.065968316884493561e+00,1.037866569929917659e+00,1.009040885960743594e+00,9.797190173679410918e-01,9.501189546250117246e-01,9.204478940015690114e-01,8.909013479877643249e-01,8.616625200414347319e-01,8.329020580555663855e-01,8.047779305811957329e-01,7.774354298661592111e-01,7.510076421959297477e-01,7.256154446087066390e-01,7.013682012642590280e-01,6.783642315590867611e-01,6.566913405429772865e-01,6.364276969641196047e-01,6.176422969718942113e-01,6.003955176812354466e-01,5.847400866944951758e-01,5.707212422822749431e-01,5.583775648897670862e-01,5.477417517306832906e-01,5.388407045382450633e-01,5.316961203063925723e-01,5.263250581931515626e-01,5.227397896263141774e-01,5.209485639272202206e-01,5.209553552590193704e-01,5.227600084056689411e-01,5.263585289942938061e-01,5.317425037971048596e-01,5.388995592568335269e-01,5.478125180486443924e-01,5.584594860052334298e-01,5.708134770852666406e-01,5.848416909304035016e-01,6.005053801261510671e-01,6.177591822733319304e-01,6.365502682515824517e-01,6.568182012999272956e-01,6.784942151263635424e-01,7.015000286238830540e-01,7.257476748313251846e-01,7.511387600338821358e-01,7.775638326487523955e-01,8.049020495974730238e-01,8.330203480228846047e-01,8.617734975013036092e-01,8.910036454423533314e-01,9.205402343529840437e-01,9.502001335767147339e-01,9.797879560354658679e-01,1.009096643827817275e+00,1.037908418333245208e+00,1.065995758939749294e+00,1.093123094517395089e+00,1.119048469170650151e+00,1.143526064242948337e+00,1.166308759900957170e+00,1.187151498102849700e+00,1.205814758537712805e+00,1.222068729069235360e+00,1.235697591319635080e+00,1.246504375588912694e+00,1.254315826811463808e+00,1.258987623352709306e+00,1.260409411965042636e+00,1.258509849792275759e+00,1.253261182585660549e+00,1.244683393422377549e+00,1.232847534609334161e+00,1.217878178851393045e+00,1.199954691830939169e+00,1.179311246491096199e+00,1.156235391936647261e+00,1.131065154506046611e+00,1.104184626792203971e+00,1.076018113407727128e+00,1.047022968901245576e+00,1.017681247857836979e+00,9.884905170383859740e-01,9.599539199611655249e-01,9.325700867388491133e-01,9.068227074845935931e-01,8.831706987285343757e-01,8.620384456314980071e-01,8.438073490531223797e-01,8.288076207635128867e-01,8.173119885985613564e-01,8.095296758677079652e-01,8.056027705663382221e-01
8.095296758677079652e-01,8.133826678586046910e-01,8.210177319905938020e-01,8.322937628203561644e-01,8.470027819252265999e-01,8.648738461743192829e-01,8.855791763700437969e-01,9.087404776663561279e-01,9.339374426851918543e-01,9.607160552133251485e-01,9.885986974592100296e-01,1.017093714920065395e+00,1.045705988410233545e+00,1.073946636452319581e+00,1.101343125815660073e+00,1.127447966707308069e+00,1.151846959139206206e+00,1.174165898417712128e+00,1.194076290054510991e+00,1.211299374828371356e+00,1.225608907586334340e+00,1.236832323179910986e+00,1.244850678523505394e+00,1.249597239333468224e+00,1.251055087229616447e+00,1.249253749687596837e+00,1.244265205937296059e+00,1.236199330394214257e+00,1.225199074907550312e+00,1.211435469335924608e+00,1.195102663029487644e+00,1.176413074430811889e+00,1.155592804038462873e+00,1.132877332293745098e+00,1.108507604849549466e+00,1.082726518332705723e+00,1.055775774758359375e+00,1.027893264845189947e+00,9.993106909471123345e-01,9.702518082684292722e-01,9.409308324806318069e-01,9.115513516043591835e-01,8.823054945836190655e-01,8.533733007869841458e-01,8.249224817753741945e-01,7.971082350344289580e-01,7.700733127902594788e-01,7.439483823137891250e-01,7.188521757414747526e-01,6.948920915190228698e-01,6.721647177555496455e-01,6.507562669819719758e-01,6.307434091455945691e-01,6.121938300397005150e-01,5.951665322533585822e-01,5.797131382155384927e-01,5.658779398017088624e-01,5.536986877003471363e-01,5.432072401300445108e-01,5.344299068422344590e-01,5.273877296016280525e-01,5.220973458616384733e-01,5.185706674155881046e-01,5.168154587487805429e-01,5.168356649834890959e-01,5.186308933232339768e-01,5.221970288131672078e-01,5.275258851408608507e-01,5.346050669927677745e-01,5.434176584457190984e-01,5.539421185534081360e-01,5.661520002090867365e-01,5.800149624420072314e-01,5.954928717589638154e-01,6.125412183547638278e-01,6.311082527148101917e-01,6.511345542952540200e-01,6.725523581830259445e-01,6.952845809207985894e-01,7.192448637518538135e-01,7.443366881700228532e-01,7.704526916458576125e-01,7.974742850037443986e-01,8.252709629727803531e-01,8.536999858521880924e-01,8.826062137765831039e-01,9.118221914277455653e-01,9.411681838685410639e-01,9.704525101094390038e-01,9.994720087897661642e-01,1.028013088206435555e+00,1.055852656726031569e+00,1.082759818658971085e+00,1.108497443252815629e+00,1.132824626979186178e+00,1.155499149939871018e+00,1.176280792606831938e+00,1.194934661070419679e+00,1.211235303564492938e+00,1.224970788684174750e+00,1.235947480207215676e+00,1.243994669759089788e+00,1.248969698900609160e+00,1.250762776008713217e+00,1.249301934985282969e+00,1.244557451540998727e+00,1.236545964657040031e+00,1.225333740711676001e+00,1.211039195751652642e+00,1.193834218708786921e+00,1.173944379543357286e+00,1.151647661268469847e+00,1.127271870043244917e+00,1.101190454532925855e+00,1.073817032532318194e+00,1.045598450977905713e+00,1.017006818037941684e+00,9.885304656366145082e-01,9.606642977449695309e-01,9.338997083925448806e-01,9.087143428288868563e-01,8.855621675195664011e-01,8.648637133874217398e-01,8.469974476477943881e-01,8.322914824316143267e-01,8.210171187683101834e-01,8.133826678586046910e-01,8.095297622942609905e-01
8.173119885985613564e-01,8.210171187683101834e-01,8.283574741292341059e-01,8.391934371639422352e-01,8.533193485521621824e-01,8.704676829869413268e-01,8.903154045300993857e-01,9.124905292109133370e-01,9.365809637754693995e-01,9.621428307154218373e-01,9.887107450284418064e-01,1.015807243791485348e+00,1.042953455814100039e+00,1.069678424468264666e+00,1.095528868027429326e+00,1.120077226092973888e+00,1.142929588563788457e+00,1.163731802887539857e+00,1.182174676516552836e+00,1.197997387607330211e+00,1.210989841129986644e+00,1.220993410343226060e+00,1.227900651444045366e+00,1.231653703551614853e+00,1.232241890128676687e+00,1.229698378290748906e+00,1.224096367443735289e+00,1.215544711113935250e+00,1.204183400861921882e+00,1.190178812878770032e+00,1.173719094499062976e+00,1.155009558160088545e+00,1.134268425027613603e+00,1.111722718808067611e+00,1.087604640363394992e+00,1.062148175782766657e+00,1.035586194413880889e+00,1.008147879153824533e+00,9.800565371073446386e-01,9.515278321583480192e-01,9.227683137709448147e-01,8.939742850849228262e-01,8.653310616076055339e-01,8.370122744752706012e-01,8.091796967024151854e-01,7.819830341457247869e-01,7.555599315992083120e-01,7.300364009279860511e-01,7.055268931810303457e-01,6.821348543939649289e-01,6.599533244973088131e-01,6.390652362549218424e-01,6.195442269478803610e-01,6.014553797343751285e-01,5.848553662888491544e-01,5.697936679652855219e-01,5.563128043608145390e-01,5.444488236639415391e-01,5.342321395751667978e-01,5.256879034930506123e-01,5.188360444748241207e-01,5.136923249711173867e-01,5.102681393442480839e-01,5.085706188430947350e-01,5.086034214941435039e-01,5.103662439675105134e-01,5.138548123500044085e-01,5.190612596871346796e-01,5.259736111405999281e-01,5.345755612743516849e-01,5.448462211584512715e-01,5.567601885977353504e-01,5.702863825986241864e-01,5.853880714789738704e-01,6.020223758101934664e-01,6.201395597258425596e-01,6.396821272420112336e-01,6.605847607634132146e-01,6.827735858416019710e-01,7.061654994631396676e-01,7.306673871146927013e-01,7.561757912340709709e-01,7.825764076953589665e-01,8.097433389694117523e-01,8.375388738557205670e-01,8.658137074497176400e-01,8.944067858100481772e-01,9.231451043297624892e-01,9.518440613302487918e-01,9.803079261522782417e-01,1.008331084432114721e+00,1.035698946679318055e+00,1.062189533437887690e+00,1.087574918127046431e+00,1.111623584194120440e+00,1.134102672023544756e+00,1.154781181746812990e+00,1.173433042498700729e+00,1.189841067261554031e+00,1.203800714775894676e+00,1.215124633901567108e+00,1.223646936699040566e+00,1.229228065511833279e+00,1.231759260265519629e+00,1.231167304639200211e+00,1.227418678197636837e+00,1.220523583863695194e+00,1.210539112252433824e+00,1.197571860486419837e+00,1.181779374680075989e+00,1.163370684321861859e+00,1.142605373019733861e+00,1.119791521230666831e+00,1.095282014752513078e+00,1.069469716947992310e+00,1.042781039642818541e+00,1.015668600881781458e+00,9.886025687382300475e-01,9.620614956984780974e-01,9.365223695189826003e-01,9.124506183893288380e-01,8.902900707514760370e-01,8.704532342861170946e-01,8.533123846277135272e-01,8.391910874569532552e-01,8.283574741292341059e-01,8.210177319905938020e-01,8.173123489408453679e-01
8.288076207635128867e-01,8.322914824316143267e-01,8.391910874569532552e-01,8.493693238092987485e-01,8.626243361570828938e-01,8.786941705238007216e-01,8.972633998017442991e-01,9.179700187909816123e-01,9.404146288604948722e-01,9.641689144884253437e-01,9.887861876063368527e-01,1.013810559664293010e+00,1.038787568828126950e+00,1.063272895084310221e+00,1.086841592169363935e+00,1.109095485300841233e+00,1.129670452466569941e+00,1.148241465476075973e+00,1.164527167842493327e+00,1.178292535467079460e+00,1.189350652421367727e+00,1.197562888506027434e+00,1.202838289494565061e+00,1.205131736993195091e+00,1.204441531647887587e+00,1.200806109353166562e+00,1.194300470510569312e+00,1.185032064473773517e+00,1.173136681076414334e+00,1.158774052373956920e+00,1.142123715500048320e+00,1.123380756819045700e+00,1.102752019063188982e+00,1.080452285420221870e+00,1.056701042158110226e+00,1.031719311688334528e+00,1.005727025251587747e+00,9.789406175630972484e-01,9.515710227589408987e-01,9.238219607961468682e-01,8.958886491090112258e-01,8.679565833256219776e-01,8.402009569419988111e-01,8.127859214487784811e-01,7.858643612265723277e-01,7.595778266210260199e-01,7.340563658551388926e-01,7.094189674913309318e-01,6.857737340610015053e-01,6.632181767305382891e-01,6.418400457580446528e-01,6.217174204019073613e-01,6.029195808521166100e-01,5.855076569879997805e-01,5.695348524667878110e-01,5.550473941423916813e-01,5.420851218313913478e-01,5.306815993129561093e-01,5.208651443158061056e-01,5.126591303884424633e-01,5.060820519600071066e-01,5.011483497188891079e-01,4.978686300727019898e-01,4.962493496231843437e-01,4.962936568335152288e-01,4.980013386515338425e-01,5.013681194052992396e-01,5.063864826900328353e-01,5.130452874481079562e-01,5.213291017402070793e-01,5.312183283736402473e-01,5.426891065056338448e-01,5.557123908228760456e-01,5.702534633016824728e-01,5.862721668061823266e-01,6.037218228267988707e-01,6.225483017213377934e-01,6.426900156685633192e-01,6.640774185178202060e-01,6.866320568738757402e-01,7.102661126121745383e-01,7.348818025169521206e-01,7.603711858322128592e-01,7.866155070443028308e-01,8.134850346471012017e-01,8.408389377032250422e-01,8.685250356937501692e-01,8.963800194825211065e-01,9.242297119705256137e-01,9.518896088682140544e-01,9.791659254834854664e-01,1.005856310029912493e+00,1.031751481691259187e+00,1.056636711409964846e+00,1.080293934397133171e+00,1.102503715819011632e+00,1.123048204394578420e+00,1.141713895622075370e+00,1.158295312574921354e+00,1.172598363297836954e+00,1.184444549111390188e+00,1.193674755726249259e+00,1.200153755554552504e+00,1.203774201534855592e+00,1.204461062605503230e+00,1.202175416671366293e+00,1.196918325205132305e+00,1.188733858939230004e+00,1.177711821302807493e+00,1.163989351270330985e+00,1.147751876658560377e+00,1.129232654226342447e+00,1.108711422026118498e+00,1.086511399870090600e+00,1.062995345091280797e+00,1.038559867131453984e+00,1.013628954125820769e+00,9.886459181188911316e-01,9.640648803152203072e-01,9.403411451850729463e-01,9.179215114707943712e-01,8.972342228932319586e-01,8.786791934309832186e-01,8.626188440424442661e-01,8.493693238092987485e-01,8.391934371639422352e-01,8.322937628203561644e-01,8.288086246702732751e-01
8.438073490531223797e-01,8.469974476477943881e-01,8.533123846277135272e-01,8.626188440424442661e-01,8.747207025011221049e-01,8.893642920485831382e-01,9.062452384899444269e-01,9.250158239554338024e-01,9.452944976678594458e-01,9.666744931945743247e-01,9.887345269443699181e-01,1.011047644702046000e+00,1.033191614857685181e+00,1.054756957917675209e+00,1.075355723385513329e+00,1.094627819700733085e+00,1.112247233662372992e+00,1.127926100015457678e+00,1.141418363276912373e+00,1.152521482706688971e+00,1.161077567309746428e+00,1.166972934257913153e+00,1.170137147537531064e+00,1.170540926982710062e+00,1.168193729618849375e+00,1.163140558605732622e+00,1.155458684066530850e+00,1.145253859770889449e+00,1.132656690564999735e+00,1.117818682393760810e+00,1.100908649431673325e+00,1.082108917415681049e+00,1.061612050247148886e+00,1.039617432608892500e+00,1.016328475319227209e+00,9.919497429615091733e-01,9.666846854033792624e-01,9.407334015515687042e-01,9.142909219785337882e-01,8.875455529101401453e-01,8.606777914719430100e-01,8.338591089838303105e-01,8.072514736981446504e-01,7.810066009332530257e-01,7.552657776711271254e-01,7.301597330492768378e-01,7.058085520610575259e-01,6.823219589294495790e-01,6.597996172781250834e-01,6.383312542894827857e-01,6.179975387286731348e-01,5.988701613517832811e-01,5.810125140001929367e-01,5.644805132015164872e-01,5.493227010126418008e-01,5.355810635235229711e-01,5.232918276230265064e-01,5.124853681493277691e-01,5.031871662128537537e-01,4.954183045760771620e-01,4.891953729126896633e-01,4.845311531770306601e-01,4.814351335307094359e-01,4.799130073283208731e-01,4.799672793261748893e-01,4.815976782910951215e-01,4.848003454541185420e-01,4.895680975280356506e-01,4.958909013788570519e-01,5.037548040666877114e-01,5.131418155910409951e-01,5.240301208608286743e-01,5.363935303498976737e-01,5.502002256146738546e-01,5.654133643353986827e-01,5.819902339253530954e-01,5.998815063495896993e-01,6.190306367413427324e-01,6.393738850317305378e-01,6.608392525154584973e-01,6.833460009097933607e-01,7.068039379201138672e-01,7.311135907984436244e-01,7.561657112762674160e-01,7.818406428727513457e-01,8.080082341004128921e-01,8.345280166422242019e-01,8.612494732709308209e-01,8.880122098517944096e-01,9.146462140554376674e-01,9.409726431528753210e-01,9.668047510515123122e-01,9.919496046041587078e-01,1.016209252098661864e+00,1.039382546175517064e+00,1.061266943915228467e+00,1.081661098962371170e+00,1.100367210275891239e+00,1.117194348317212871e+00,1.131961355160555627e+00,1.144500622480776997e+00,1.154661342307278460e+00,1.162313544217099093e+00,1.167351545149500680e+00,1.169697990252757336e+00,1.169307221074689096e+00,1.166168944802350893e+00,1.160311081575031267e+00,1.151802583970933824e+00,1.140755206492656271e+00,1.127324926307451847e+00,1.111712021012181140e+00,1.094160541518078844e+00,1.074956143439948164e+00,1.054423185537359586e+00,1.032919986916027710e+00,1.010833403729492375e+00,9.885715871016031997e-01,9.665563008389881361e-01,9.452137690805670900e-01,9.249654444038526435e-01,9.062180174217928652e-01,8.893536863807725013e-01,8.747207025011221049e-01,8.626243361570828938e-01,8.533193485521621824e-01,8.470027819252265999e-01,8.438094708308057079e-01
8.620384456314980071e-01,8.648637133874217398e-01,8.704532342861170946e-01,8.786791934309832186e-01,8.893536863807725013e-01,9.022347063417726076e-01,9.170331224003831494e-01,9.334205284696110994e-01,9.510389772965908151e-01,9.695096896335826386e-01,9.884437672651813500e-01,1.007450642903791049e+00,1.026148074962435430e+00,1.044169300217731688e+00,1.061171028854204224e+00,1.076838543319610153e+00,1.090891050729638323e+00,1.103084455429353739e+00,1.113213984026614867e+00,1.121114863832289643e+00,1.126662775239651637e+00,1.129772750076099896e+00,1.130397874675651337e+00,1.128526976835189544e+00,1.124182246218524028e+00,1.117416179816856925e+00,1.108308643308291153e+00,1.096963469361185162e+00,1.083505353704310892e+00,1.068076399906260576e+00,1.050833130601560583e+00,1.031943187263138384e+00,1.011582645311818851e+00,9.899330259819834055e-01,9.671790070869690226e-01,9.435058932039339652e-01,9.190977252192027436e-01,8.941353083423848602e-01,8.687947442439423185e-01,8.432459419096858255e-01,8.176517269493501772e-01,7.921666352248735166e-01,7.669366441208183005e-01,7.420983237666689547e-01,7.177787909685946488e-01,6.940955550159628729e-01,6.711564005282326661e-01,6.490596701612503239e-01,6.278945797183439481e-01,6.077412217096025415e-01,5.886714666202408353e-01,5.707490603606686363e-01,5.540301321386778000e-01,5.385640528731698851e-01,5.243936169324001639e-01,5.115555344787452441e-01,5.000814766109442644e-01,4.899978707723136040e-01,4.813266633829584862e-01,4.740860527349894937e-01,4.682902723372137643e-01,4.639500686631947701e-01,4.610734839591543732e-01,4.596653372490493439e-01,4.597275079865994485e-01,4.612595278113218455e-01,4.642581655979682864e-01,4.687168361552664919e-01,4.746267156178873847e-01,4.819758096214741272e-01,4.907483330812141276e-01,5.009250311055666316e-01,5.124831211848004386e-01,5.253948391657843331e-01,5.396274497139472714e-01,5.551434278146700763e-01,5.718993108879146803e-01,5.898447944277052102e-01,6.089230365859634730e-01,6.290701513080279028e-01,6.502142260093961568e-01,6.722748401302567345e-01,6.951629409398947246e-01,7.187806876784890164e-01,7.430209808046299713e-01,7.677671188605188490e-01,7.928929118897798389e-01,8.182630056040665067e-01,8.437333019630699482e-01,8.691510730446339039e-01,8.943555547824928453e-01,9.191787692045636504e-01,9.434469840022927656e-01,9.669818063942017261e-01,9.896019662094062141e-01,1.011124644834268338e+00,1.031367647788158592e+00,1.050151345929435820e+00,1.067301531039930751e+00,1.082651833708183631e+00,1.096047025753534854e+00,1.107345694896295640e+00,1.116423771713755286e+00,1.123177385911475312e+00,1.127526464948758189e+00,1.129417627625798559e+00,1.128827606744636114e+00,1.125765875181201636e+00,1.120277534130366348e+00,1.112445223540532879e+00,1.102391008139122164e+00,1.090277001805716850e+00,1.076305700797945519e+00,1.060718705622662128e+00,1.043794961702047885e+00,1.025847071666873944e+00,1.007217079770043711e+00,9.882702017712858833e-01,9.693881492320173265e-01,9.509606417442171278e-01,9.333767668392738415e-01,9.170152222398826325e-01,9.022347063417726076e-01,8.893642920485831382e-01,8.786941705238007216e-01,8.704676829869413268e-01,8.648738461743192829e-01,8.620422761624979557e-01
8.831706987285343757e-01,8.855621675195664011e-01,8.902900707514760370e-01,8.972342228932319586e-01,9.062180174217928652e-01,9.170152222398826325e-01,9.293568888516716697e-01,9.429397064709661436e-01,9.574357500529515619e-01,9.725011798369678218e-01,9.877867607842603093e-01,1.002945724543977235e+00,1.017643181770964134e+00,1.031562203311636949e+00,1.044410888081330313e+00,1.055926157666306153e+00,1.065878030512237729e+00,1.074071094559840844e+00,1.080346193628969331e+00,1.084579995338430081e+00,1.086684809061011947e+00,1.086606864784656068e+00,1.084324705256221932e+00,1.079846694774090565e+00,1.073208730653647081e+00,1.064471366573116029e+00,1.053717252371527024e+00,1.041048145401731517e+00,1.026582357090887854e+00,1.010451822713122283e+00,9.927997227550520165e-01,9.737777212421150352e-01,9.535438600351113791e-01,9.322600590680707455e-01,9.100903207801565031e-01,8.871985941425037936e-01,8.637472921371340817e-01,8.398955714745000023e-01,8.157982237008525317e-01,7.916042838484713684e-01,7.674564354385466913e-01,7.434898400863687584e-01,7.198320061025071936e-01,6.966020300499735640e-01,6.739105380961518676e-01,6.518595784172021013e-01,6.305425877850865390e-01,6.100444555867170493e-01,5.904421235507584242e-01,5.718042637468840894e-01,5.541923464969045199e-01,5.376606335626519240e-01,5.222566665150907284e-01,5.080219706898958520e-01,4.949925020839600620e-01,4.831986575581623811e-01,4.726666893096194144e-01,4.634182655997705069e-01,4.554712166648897664e-01,4.488401662936638559e-01,4.435366617405520628e-01,4.395690197706585423e-01,4.369435985666143551e-01,4.356641152438243125e-01,4.357318637382689985e-01,4.371460810978504696e-01,4.399042073423515831e-01,4.440007163471761942e-01,4.494280902351590612e-01,4.561766186882323382e-01,4.642334416500659700e-01,4.735822816056725060e-01,4.842043812502936362e-01,4.960769110347484911e-01,5.091722957404272165e-01,5.234589343341298218e-01,5.389004685884941637e-01,5.554545462879332263e-01,5.730725972125014778e-01,5.917000351596328755e-01,6.112755296339571487e-01,6.317301102634189647e-01,6.529869195126423165e-01,6.749615234267594133e-01,6.975616413148202355e-01,7.206862201925474665e-01,7.442255676691331701e-01,7.680619511245936337e-01,7.920700134734062203e-01,8.161167397143032076e-01,8.400618685915048900e-01,8.637585162930605520e-01,8.870544282972048222e-01,9.097931093466229413e-01,9.318152610350409759e-01,9.529598210584708795e-01,9.730656975330020941e-01,9.919731910336935243e-01,1.009526311451395486e+00,1.025574708005407842e+00,1.039976467251022996e+00,1.052600240512674645e+00,1.063328234186755594e+00,1.072058477482144667e+00,1.078707945159777637e+00,1.083214954904320848e+00,1.085542305268205610e+00,1.085679637034161260e+00,1.083646344080619883e+00,1.079493566020715889e+00,1.073306491702396670e+00,1.065205475080702513e+00,1.055347200920991213e+00,1.043924279879547612e+00,1.031164647827480962e+00,1.017328992451368208e+00,1.002707820226888202e+00,9.876163030737075132e-01,9.723887502772328162e-01,9.573709730519510686e-01,9.429124327808438011e-01,9.293568888516716697e-01,9.170331224003831494e-01,9.062452384899444269e-01,8.972633998017442991e-01,8.903154045300993857e-01,8.855791763700437969e-01,8.831769301338852074e-01
9.068227074845935931e-01,9.087143428288868563e-01,9.124506183893288380e-01,9.179215114707943712e-01,9.249654444038526435e-01,9.333767668392738415e-01,9.429124327808438011e-01,9.533007124270653776e-01,9.642507000968123521e-01,9.754608236730462067e-01,9.866288842410426696e-01,9.974591424203822498e-01,1.007670920445875140e+00,1.017003455029509951e+00,1.025221913528895357e+00,1.032119779279241811e+00,1.037522031952065049e+00,1.041285348524667143e+00,1.043298820459284570e+00,1.043482649735139489e+00,1.041787313884242394e+00,1.038191398260806864e+00,1.032699730293060725e+00,1.025340770978374394e+00,1.016164474964142528e+00,1.005239629126094769e+00,9.926516939241025739e-01,9.785002374235176603e-01,9.628969331045453828e-01,9.459631459154422828e-01,9.278281611754550795e-01,9.086269414901124719e-01,8.884986117776492165e-01,8.675844223649278319e-01,8.460264750337529449e-01,8.239659680998698832e-01,8.015421384418601747e-01,7.788908316609166604e-01,7.561437159424286847e-01,7.334270969917326966e-01,7.108615434764402607e-01,6.885608565341669873e-01,6.666320797055789171e-01,6.451747907582330299e-01,6.242811917747843609e-01,6.040358944381409856e-01,5.845161271590626484e-01,5.657915364350571963e-01,5.479250525808936345e-01,5.309723384035720528e-01,5.149829332876123544e-01,5.000002142209041267e-01,4.860618521233988076e-01,4.732003372020017196e-01,4.614437092725296452e-01,4.508151565295008822e-01,4.413345815981983833e-01,4.330182243904232564e-01,4.258791470787031130e-01,4.199278565856161549e-01,4.151727623284529045e-01,4.116194280027229979e-01,4.092722297517781271e-01,4.081335748354320003e-01,4.082041457518386096e-01,4.094829498975087745e-01,4.119681017190970351e-01,4.156554113654067351e-01,4.205391044515351950e-01,4.266118255496564871e-01,4.338643197312563871e-01,4.422840442298650032e-01,4.518566753704504890e-01,4.625650251023500914e-01,4.743880354633773777e-01,4.873006621025979257e-01,5.012746623903012733e-01,5.162767874692946179e-01,5.322683766429321395e-01,5.492053646050436555e-01,5.670386223067112041e-01,5.857123270580189001e-01,6.051637793257782505e-01,6.253233917062175351e-01,6.461151177699377968e-01,6.674558160570711607e-01,6.892546932654539660e-01,7.114134806224399199e-01,7.338271105903118041e-01,7.563842143338064261e-01,7.789672517829586695e-01,8.014524083368286256e-01,8.237105608866670536e-01,8.456084940257682092e-01,8.670102323823698498e-01,8.877778259608533062e-01,9.077724636512130019e-01,9.268554445415304599e-01,9.448899085670063869e-01,9.617422135686695128e-01,9.772842329015531959e-01,9.913949883319332912e-01,1.003963130152754957e+00,1.014888646397480443e+00,1.024085507803746964e+00,1.031483562923824593e+00,1.037031361513044203e+00,1.040698207998758562e+00,1.042477034584365470e+00,1.042386394503623137e+00,1.040473094466548787e+00,1.036813699134029321e+00,1.031516435665167819e+00,1.024721576797702483e+00,1.016601944924957479e+00,1.007361428576231788e+00,9.972333667110149236e-01,9.864765794081478134e-01,9.753711254014518772e-01,9.642116855914366624e-01,9.533007124270653776e-01,9.429397064709661436e-01,9.334205284696110994e-01,9.250158239554338024e-01,9.179700187909816123e-01,9.124905292109133370e-01,9.087404776663561279e-01,9.068320666154079390e-01
9.325700867388491133e-01,9.338997083925448806e-01,9.365223695189826003e-01,9.403411451850729463e-01,9.452137690805670900e-01,9.509606417442171278e-01,9.573709730519510686e-01,9.642116855914366624e-01,9.712363165695592215e-01,9.781931014757674347e-01,9.848342131391518706e-01,9.909218375294983616e-01,9.962357395836534124e-01,1.000576744644376959e+00,1.003771602095440585e+00,1.005673943696876904e+00,1.006166405725394952e+00,1.005159625871087314e+00,1.002592157119423177e+00,9.984283199557921762e-01,9.926569790353596545e-01,9.852890132522276190e-01,9.763553313379702558e-01,9.659042212451822706e-01,9.539994265410314256e-01,9.407177327426410329e-01,9.261472269962354176e-01,9.103851474164059709e-01,8.935364116899791043e-01,8.757116948008558666e-01,8.570262237416272910e-01,8.375980364799602285e-01,8.175470036783281103e-01,7.969932643580506237e-01,7.760564159040228560e-01,7.548541703724822582e-01,7.335016915550625072e-01,7.121104571341732026e-01,6.907878535588736213e-01,6.696361119928724293e-01,6.487523127793508593e-01,6.282273720152318219e-01,6.081463153038697556e-01,5.885876274645482908e-01,5.696234362695520304e-01,5.513193507499920543e-01,5.337347791260924623e-01,5.169226039598981970e-01,5.009302427449142670e-01,4.857989496686343500e-01,4.715649877042977778e-01,4.582595788024264039e-01,4.459093959483908520e-01,4.345367924934748771e-01,4.241609308506326670e-01,4.147969070287018667e-01,4.064575256620628352e-01,3.991528213138195724e-01,3.928906187498171221e-01,3.876767077646690041e-01,3.835159530859328925e-01,3.804109556366626066e-01,3.783637736265887952e-01,3.773754363550665403e-01,3.774459792275024483e-01,3.785742007760575234e-01,3.807589577519792101e-01,3.839975286953176692e-01,3.882863046096503012e-01,3.936205260815768270e-01,3.999948611694748024e-01,4.074013044624109625e-01,4.158305311547394467e-01,4.252714903307008854e-01,4.357106557218912712e-01,4.471306556511507324e-01,4.595120813680466654e-01,4.728318652988150461e-01,4.870627720751485867e-01,5.021724696826623813e-01,5.181249325161587649e-01,5.348790956495008686e-01,5.523881868890896385e-01,5.705990906569979870e-01,5.894534704367941913e-01,6.088874348884587562e-01,6.288305337671715733e-01,6.492055964331342466e-01,6.699296710128948007e-01,6.909143257206409316e-01,7.120657799559637624e-01,7.332846488484392466e-01,7.544663893785639175e-01,7.755020666518532835e-01,7.962795394297899065e-01,8.166843541342245771e-01,8.366005446110307275e-01,8.559109121177783663e-01,8.744981137254796977e-01,8.922455108900919640e-01,9.090389144088106832e-01,9.247677987617208828e-01,9.393273118933223031e-01,9.526195062980775674e-01,9.645555168918917843e-01,9.750569713031893571e-01,9.840584687676425801e-01,9.915092862308085842e-01,9.973761422013893707e-01,1.001645094370758216e+00,1.004324385546993881e+00,1.005446196068447762e+00,1.005069148883549701e+00,1.003279335745276057e+00,1.000191811098133599e+00,9.959501126279235450e-01,9.907259234476271104e-01,9.847163203153428412e-01,9.781408943501617159e-01,9.712363165695592215e-01,9.642507000968123521e-01,9.574357500529515619e-01,9.510389772965908151e-01,9.452944976678594458e-01,9.404146288604948722e-01,9.365809637754693995e-01,9.339374426851918543e-01,9.325833375934990954e-01
9.599539199611655249e-01,9.606642977449695309e-01,9.620614956984780974e-01,9.640648803152203072e-01,9.665563008389881361e-01,9.693881492320173265e-01,9.723887502772328162e-01,9.753711254014518772e-01,9.781408943501617159e-01,9.805036383044551940e-01,9.822729709129731646e-01,9.832753756903400699e-01,9.833565122857805818e-01,9.823832139418868792e-01,9.802471569707194021e-01,9.768644155044228228e-01,9.721766240437688111e-01,9.661488954040038379e-01,9.587691240408986459e-01,9.500451272956524917e-01,9.400032546358403351e-01,9.286856224753989864e-01,9.161481574472389866e-01,9.024579977049995705e-01,8.876918559396642650e-01,8.719338886185710180e-01,8.552743830148443749e-01,8.378080088173192053e-01,8.196328465895845738e-01,8.008489143453800807e-01,7.815574852062212585e-01,7.618597905555191119e-01,7.418565496832627559e-01,7.216468118321017755e-01,7.013276125391314508e-01,6.809929763450384144e-01,6.607336719226850619e-01,6.406363340029201936e-01,6.207834367966000855e-01,6.012524010076276682e-01,5.821159027049844781e-01,5.634410100306013192e-01,5.452896248794019129e-01,5.277179816277168811e-01,5.107769568781463931e-01,4.945118788794786724e-01,4.789631418599071822e-01,4.641655954399368511e-01,4.501499616202693232e-01,4.369418943742857664e-01,4.245633045512420267e-01,4.130321474702896012e-01,4.023631693863336523e-01,3.925676415010457276e-01,3.836550103777938148e-01,3.756315589010625899e-01,3.685022911302695547e-01,3.622704537199012975e-01,3.569381308203105618e-01,3.525059843381512792e-01,3.489749301997306929e-01,3.463443540928494713e-01,3.446138516975025823e-01,3.437827748237793912e-01,3.438505820364525789e-01,3.448158390532398698e-01,3.466782090304576514e-01,3.494365854341054956e-01,3.530898353233453690e-01,3.576362016664091925e-01,3.630744143116544365e-01,3.694017136572824711e-01,3.766144378114120173e-01,3.847080638815327802e-01,3.936772539540100979e-01,4.035135531337488146e-01,4.142069850124556751e-01,4.257454259380608619e-01,4.381142323748008494e-01,4.512942760006097842e-01,4.652634712535501649e-01,4.799964811542594134e-01,4.954637500472358624e-01,5.116301566463619110e-01,5.284561965118257376e-01,5.458979890610748953e-01,5.639069876778251000e-01,5.824286797666786697e-01,6.014029079233154107e-01,6.207644521042681163e-01,6.404440646653029034e-01,6.603679060515048604e-01,6.804567722085721471e-01,7.006263586172281066e-01,7.207885358994587932e-01,7.408522694183830026e-01,7.607241656952368203e-01,7.803084310975094695e-01,7.995072280307624624e-01,8.182209814812182458e-01,8.363494384800276293e-01,8.537925075824261967e-01,8.704518742576823342e-01,8.862318534395683400e-01,9.010411403318272505e-01,9.147937694866925540e-01,9.274112243543584100e-01,9.388237598379873816e-01,9.489729785015015295e-01,9.578135310613760112e-01,9.653160433368981330e-01,9.714689571291188486e-01,9.762814631105243279e-01,9.797849898590982320e-01,9.820355201082122676e-01,9.831139759153586510e-01,9.831270680636805537e-01,9.822057266658816843e-01,9.805036383044551940e-01,9.781931014757674347e-01,9.754608236730462067e-01,9.725011798369678218e-01,9.695096896335826386e-01,9.666744931945743247e-01,9.641689144884253437e-01,9.621428307154218373e-01,9.607160552133251485e-01,9.599717797541416076e-01
9.884905170383859740e-01,9.885304656366145082e-01,9.886025687382300475e-01,9.886459181188911316e-01,9.885715871016031997e-01,9.882702017712858833e-01,9.876163030737075132e-01,9.864765794081478134e-01,9.847163203153428412e-01,9.822057266658816843e-01,9.788264414817717807e-01,9.744749232177696285e-01,9.690672936514772573e-01,9.625397880604396050e-01,9.548512220124507621e-01,9.459812270735312723e-01,9.359305937919089047e-01,9.247182801966005172e-01,9.123803051700747346e-01,8.989663875570670371e-01,8.845385841372319646e-01,8.691684288840946238e-01,8.529351392944590771e-01,8.359231693042090683e-01,8.182209312825676761e-01,7.999189770768850849e-01,7.811091229297204563e-01,7.618830831948173454e-01,7.423319661026823724e-01,7.225452037753115064e-01,7.026103358050193037e-01,6.826121093338173296e-01,6.626324496594406810e-01,6.427496802681673671e-01,6.230385757419298898e-01,6.035697105124882000e-01,5.844095723335556158e-01,5.656199543943216668e-01,5.472582935350089883e-01,5.293769145263240716e-01,5.120237317714213532e-01,4.952414076572466684e-01,4.790681577302393634e-01,4.635372159266069048e-01,4.486774654529881445e-01,4.345131189504769509e-01,4.210646808635942762e-01,4.083481258793426605e-01,3.963765526314233512e-01,3.851592015588352069e-01,3.747027406146798967e-01,3.650110995490933874e-01,3.560862814137379928e-01,3.479278406609864760e-01,3.405347604374640014e-01,3.339039955809539606e-01,3.280321865343438503e-01,3.229152969991844202e-01,3.185492841227244298e-01,3.149293779360959888e-01,3.120521393237538632e-01,3.099136416098673408e-01,3.085107993176734453e-01,3.078411764260238215e-01,3.079036195740343373e-01,3.086965470866402939e-01,3.102204000900741221e-01,3.124759101140739403e-01,3.154645298757827732e-01,3.191878890602595220e-01,3.236490640862683676e-01,3.288507236916018428e-01,3.347956816847101891e-01,3.414863597476767154e-01,3.489258867408722153e-01,3.571156155192340975e-01,3.660559865530501611e-01,3.757461812944882240e-01,3.861847845547572433e-01,3.973670759162644117e-01,4.092860150782371420e-01,4.219322810296119997e-01,4.352944077032248060e-01,4.493565995174435557e-01,4.640991559638933950e-01,4.794985888714222710e-01,4.955285766910151324e-01,5.121581061495135145e-01,5.293509934278119999e-01,5.470660214129736687e-01,5.652582131882581962e-01,5.838785302152018630e-01,6.028732781790893114e-01,6.221835318328885478e-01,6.417453461735078690e-01,6.614903678438253110e-01,6.813468868699885661e-01,7.012399570632510404e-01,7.210909711195512273e-01,7.408172548089737575e-01,7.603324696696773799e-01,7.795470278430229882e-01,7.983692995382227764e-01,8.167062061508261195e-01,8.344646174041798758e-01,8.515519244221536610e-01,8.678777589382917768e-01,8.833549040693782217e-01,8.979016004874722512e-01,9.114429512456183602e-01,9.239137916181476839e-01,9.352604543735623110e-01,9.454439438633386317e-01,9.544416852135384488e-01,9.622504670998068832e-01,9.688875093685282991e-01,9.743923632755979725e-01,9.788264414817717807e-01,9.822729709129731646e-01,9.848342131391518706e-01,9.866288842410426696e-01,9.877867607842603093e-01,9.884437672651813500e-01,9.887345269443699181e-01,9.887861876063368527e-01,9.887107450284418064e-01,9.885986974592100296e-01,9.885137857618531143e-01
1.017681247857836979e+00,1.017006818037941684e+00,1.015668600881781458e+00,1.013628954125820769e+00,1.010833403729492375e+00,1.007217079770043711e+00,1.002707820226888202e+00,9.972333667110149236e-01,9.907259234476271104e-01,9.831270680636805537e-01,9.743923632755979725e-01,9.644930776677256290e-01,9.534194058680611761e-01,9.411793525167979624e-01,9.278000360801854640e-01,9.133247294738850997e-01,8.978125561074676853e-01,8.813347843372696389e-01,8.639735155171450742e-01,8.458180475524557096e-01,8.269637497979260843e-01,8.075092133442751674e-01,7.875547523970283237e-01,7.672002051038049331e-01,7.465440789085846518e-01,7.256820705397899474e-01,7.047066328147906233e-01,6.837059726568099904e-01,6.627639808614986805e-01,6.419595183437110109e-01,6.213666178375376603e-01,6.010539179012539535e-01,5.810850365167112841e-01,5.615180924190497080e-01,5.424061495024261603e-01,5.237968200492844062e-01,5.057327714305870359e-01,4.882512969913364032e-01,4.713850617905279705e-01,4.551614456986783352e-01,4.396036218755909886e-01,4.247298026163974782e-01,4.105543094908341573e-01,3.970871416099726048e-01,3.843348210371289042e-01,3.723000482527396571e-01,3.609829708619116673e-01,3.503801944477089592e-01,3.404866802340222876e-01,3.312947037133255890e-01,3.227952100815940639e-01,3.149775247684658552e-01,3.078304738315296163e-01,3.013413918309453265e-01,2.954983757439038072e-01,2.902886457327440439e-01,2.857001416646198777e-01,2.817212065081662331e-01,2.783413803319945146e-01,2.755502915712213508e-01,2.733399083900280857e-01,2.717028112033972320e-01,2.706332548628154200e-01,2.701268529970519694e-01,2.701817320116930432e-01,2.707964244813183541e-01,2.719719595131380174e-01,2.737110488301368605e-01,2.760179896662293686e-01,2.788978143784959229e-01,2.823582743160955033e-01,2.864076777368609328e-01,2.910555954325673156e-01,2.963119133480489609e-01,3.021885152035110877e-01,3.086968166663552893e-01,3.158484872824658396e-01,3.236545671282868852e-01,3.321270396353241949e-01,3.412761862553139736e-01,3.511110218490358648e-01,3.616386372087987411e-01,3.728658195637422068e-01,3.847965407424425166e-01,3.974318362293161044e-01,4.107692004298542088e-01,4.248043241511254564e-01,4.395295724998220521e-01,4.549332060894926144e-01,4.709982991198700120e-01,4.877039476057518641e-01,5.050254729445242674e-01,5.229342994519043941e-01,5.413963396551935148e-01,5.603713811547947898e-01,5.798135050436883375e-01,5.996721023138036344e-01,6.198919607763855311e-01,6.404127844019882332e-01,6.611684985503814005e-01,6.820868433140248044e-01,7.030890135518461648e-01,7.240904162296715185e-01,7.450011340414164351e-01,7.657270463622154466e-01,7.861701050796909840e-01,8.062296693647823531e-01,8.258029908702866351e-01,8.447871663025097178e-01,8.630801554793521291e-01,8.805834576094184740e-01,8.972036454786405102e-01,9.128555929387971446e-01,9.274642809085520412e-01,9.409681541192327359e-01,9.533206700294272196e-01,9.644930776677256290e-01,9.744749232177696285e-01,9.832753756903400699e-01,9.909218375294983616e-01,9.974591424203822498e-01,1.002945724543977235e+00,1.007450642903791049e+00,1.011047644702046000e+00,1.013810559664293010e+00,1.015807243791485348e+00,1.017093714920065395e+00,1.017710661255904370e+00
1.047022968901245576e+00,1.045598450977905713e+00,1.042781039642818541e+00,1.038559867131453984e+00,1.032919986916027710e+00,1.025847071666873944e+00,1.017328992451368208e+00,1.007361428576231788e+00,9.959501126279235450e-01,9.831139759153586510e-01,9.688875093685282991e-01,9.533206700294272196e-01,9.364803474055349852e-01,9.184477106684312275e-01,8.993184205361615113e-01,8.791986307635397679e-01,8.582042257276754071e-01,8.364566000707327476e-01,8.140813410545888473e-01,7.912045502659736940e-01,7.679521468212584523e-01,7.444470932157685183e-01,7.208083277570125347e-01,6.971488946061299430e-01,6.735755700550782876e-01,6.501877391811916596e-01,6.270774102579963483e-01,6.043285561098770131e-01,5.820174513703477714e-01,5.602122708539809537e-01,5.389736680659211743e-01,5.183544920283367219e-01,4.984005175219294870e-01,4.791502234664619664e-01,4.606355825003731752e-01,4.428818913119414447e-01,4.259086232670057370e-01,4.097291739814892253e-01,3.943519704019422534e-01,3.797799172958065128e-01,3.660118423400149368e-01,3.530417913181906897e-01,3.408604474945207130e-01,3.294546644908962207e-01,3.188087207622629649e-01,3.089037552172726464e-01,2.997195287505718397e-01,2.912331610686749173e-01,2.834213306290962464e-01,2.762591890898704605e-01,2.697217583822890674e-01,2.637836011380869650e-01,2.584201052261789755e-01,2.536062969897301400e-01,2.493191005338530886e-01,2.455359120405091744e-01,2.422357978246338917e-01,2.393993390280400035e-01,2.370095312726334669e-01,2.350503613215551013e-01,2.335090390298546481e-01,2.323746550317764559e-01,2.316386881350922522e-01,2.312948902697655740e-01,2.313404977890201053e-01,2.317742389724912755e-01,2.325979079332114452e-01,2.338159525354370771e-01,2.354357787935583701e-01,2.374659654911397411e-01,2.399188508084932892e-01,2.428086099660049513e-01,2.461516993651002849e-01,2.499656884952230484e-01,2.542713456851686260e-01,2.590902918707911340e-01,2.644456899377303216e-01,2.703608495393012845e-01,2.768612250286679455e-01,2.839721503408298986e-01,2.917191001183141452e-01,3.001261066489178120e-01,3.092180275316138705e-01,3.190183993326343170e-01,3.295493634836788033e-01,3.408297415168846101e-01,3.528769197885566200e-01,3.657059723385032157e-01,3.793294302826950570e-01,3.937547997386587895e-01,4.089850786368174340e-01,4.250189629404133029e-01,4.418516570117105857e-01,4.594732469453504109e-01,4.778673980843564095e-01,4.970103848172016114e-01,5.168716320653885532e-01,5.374143883680915224e-01,5.585958810278270903e-01,5.803662401056328690e-01,6.026672256055718435e-01,6.254312490717950368e-01,6.485815153850182924e-01,6.720321644186526555e-01,6.956891222554304477e-01,7.194502780273808185e-01,7.432064870463648276e-01,7.668416352343854214e-01,7.902341609284206925e-01,8.132576072542150314e-01,8.357829733744353007e-01,8.576798791113304787e-01,8.788196682463365050e-01,8.990770810340933394e-01,9.183338149698840880e-01,9.364803474055349852e-01,9.534194058680611761e-01,9.690672936514772573e-01,9.833565122857805818e-01,9.962357395836534124e-01,1.007670920445875140e+00,1.017643181770964134e+00,1.026148074962435430e+00,1.033191614857685181e+00,1.038787568828126950e+00,1.042953455814100039e+00,1.045705988410233545e+00,1.047059201939589457e+00
1.076018113407727128e+00,1.073817032532318194e+00,1.069469716947992310e+00,1.062995345091280797e+00,1.054423185537359586e+00,1.043794961702047885e+00,1.031164647827480962e+00,1.016601944924957479e+00,1.000191811098133599e+00,9.820355201082122676e-01,9.622504670998068832e-01,9.409681541192327359e-01,9.183338149698840880e-01,8.945022933050950087e-01,8.696372577434630102e-01,8.439063355606464256e-01,8.174800772978727537e-01,7.905274101125314701e-01,7.632144979861692491e-01,7.357012720129034733e-01,7.081412790394381318e-01,6.806790295311202499e-01,6.534494948024018868e-01,6.265766309550002688e-01,6.001735318344572079e-01,5.743416750735121923e-01,5.491713880827262528e-01,5.247415142967781776e-01,5.011201393587469965e-01,4.783644636621602331e-01,4.565217317526446550e-01,4.356291810695722688e-01,4.157151104803915587e-01,3.967988497080341403e-01,3.788918990496057404e-01,3.619978974368223135e-01,3.461138617607986134e-01,3.312299976074086771e-01,3.173312349859713777e-01,3.043966836300739942e-01,2.924014816579898479e-01,2.813161178203529289e-01,2.711081579855942891e-01,2.617418296479314677e-01,2.531795418900770755e-01,2.453813014845991347e-01,2.383067248278223360e-01,2.319137892732641149e-01,2.261610499335517943e-01,2.210067758314551156e-01,2.164101988070825655e-01,2.123312788580875576e-01,2.087320598989350628e-01,2.055754009843155927e-01,2.028271158221599535e-01,2.004548755245707525e-01,1.984289387536080085e-01,1.967222458407604790e-01,1.953111905954045824e-01,1.941743414227232734e-01,1.932940790212569482e-01,1.926560751537635952e-01,1.922491124411038754e-01,1.920651051244135488e-01,1.921003571604558147e-01,1.923538654383207813e-01,1.928281782045786485e-01,1.935294925432060609e-01,1.944681133254704264e-01,1.956564699804914653e-01,1.971111608868909570e-01,1.988522765987141838e-01,2.009030861134704082e-01,2.032888610024770060e-01,2.060390928334925320e-01,2.091856036281427578e-01,2.127628304288577965e-01,2.168064653911585538e-01,2.213553951274604970e-01,2.264496758037068957e-01,2.321310111613286153e-01,2.384406250651522896e-01,2.454212773833432948e-01,2.531154648664255546e-01,2.615659165965951161e-01,2.708128558547713283e-01,2.808953455590739168e-01,2.918502649638980984e-01,3.037131600077884741e-01,3.165154102912168810e-01,3.302840748648350200e-01,3.450408707989822688e-01,3.608034236266206563e-01,3.775843074692772916e-01,3.953901193952447102e-01,4.142192977320178215e-01,4.340615838102053203e-01,4.548982046968319537e-01,4.767025382364948882e-01,4.994397128996155288e-01,5.230654471307474296e-01,5.475242363223316033e-01,5.727481931938314119e-01,5.986566546071259154e-01,6.251569134593637500e-01,6.521443600723557665e-01,6.795031966950659807e-01,7.071061686213795383e-01,7.348156298788950380e-01,7.624835575686574884e-01,7.899534501895573158e-01,8.170610045708883717e-01,8.436369341852412163e-01,8.695083426011223082e-01,8.945022933050950087e-01,9.184477106684312275e-01,9.411793525167979624e-01,9.625397880604396050e-01,9.823832139418868792e-01,1.000576744644376959e+00,1.017003455029509951e+00,1.031562203311636949e+00,1.044169300217731688e+00,1.054756957917675209e+00,1.063272895084310221e+00,1.069678424468264666e+00,1.073946636452319581e+00,1.076061678188978021e+00
1.104184626792203971e+00,1.101190454532925855e+00,1.095282014752513078e+00,1.086511399870090600e+00,1.074956143439948164e+00,1.060718705622662128e+00,1.043924279879547612e+00,1.024721576797702483e+00,1.003279335745276057e+00,9.797849898590982320e-01,9.544416852135384488e-01,9.274642809085520412e-01,8.990770810340933394e-01,8.695083426011223082e-01,8.389885957218154999e-01,8.077450813454447598e-01,7.760006106315273655e-01,7.439688523857483915e-01,7.118535485685981712e-01,6.798455129889049431e-01,6.481230104330677477e-01,6.168492984469367002e-01,5.861728087226794059e-01,5.562261095950873369e-01,5.271266212811553942e-01,4.989762366609795663e-01,4.718622460734707147e-01,4.458573116184538776e-01,4.210205778655335962e-01,3.973977860526076711e-01,3.750225468047716504e-01,3.539164793248659180e-01,3.340906087113779677e-01,3.155454818854650512e-01,2.982726421610095713e-01,2.822546986816689696e-01,2.674669235371709419e-01,2.538771160710666663e-01,2.414475112723266648e-01,2.301342711555207643e-01,2.198896592911694370e-01,2.106614389103782514e-01,2.023948469879996992e-01,1.950322443108944981e-01,1.885149072847980278e-01,1.827823885065242848e-01,1.777748163702739248e-01,1.734316325860731922e-01,1.696938457201184747e-01,1.665033738678971531e-01,1.638041574404667244e-01,1.615420511952265770e-01,1.596661273129598158e-01,1.581275747175823199e-01,1.568813847752039692e-01,1.558859039684961090e-01,1.551028728848677929e-01,1.544978931044909132e-01,1.540409732528758013e-01,1.537055080798097606e-01,1.534692415323206660e-01,1.533145448811978895e-01,1.532275995551799497e-01,1.531986770635143102e-01,1.532230456161869370e-01,1.533000404648845461e-01,1.534329489375636513e-01,1.536297385391662829e-01,1.539032173596410757e-01,1.542698422205148745e-01,1.547502573191650299e-01,1.553700080097684122e-01,1.561590911741319587e-01,1.571503720399221038e-01,1.583814164836496730e-01,1.598940551554903777e-01,1.617337002255112566e-01,1.639479391253075846e-01,1.665885969489551144e-01,1.697102445400986426e-01,1.733701322780802911e-01,1.776260972441860986e-01,1.825384600784616396e-01,1.881682919998013404e-01,1.945779034693799758e-01,2.018280266563579062e-01,2.099790458250652136e-01,2.190892821028000981e-01,2.292162102544352820e-01,2.404136382881176814e-01,2.527317992065718499e-01,2.662152023332566841e-01,2.809035996515945044e-01,2.968308522291351892e-01,3.140248383319601544e-01,3.325051539033552217e-01,3.522820285900252202e-01,3.733551699713757444e-01,3.957140409940365089e-01,4.193379019012297704e-01,4.441955114439508634e-01,4.702434312164029961e-01,4.974239742773534090e-01,5.256636399768126466e-01,5.548729392362758972e-01,5.849464011151042087e-01,6.157633669290447642e-01,6.471876152341309307e-01,6.790679231878300470e-01,7.112374928023825760e-01,7.435152979559944697e-01,7.757061698531515503e-01,8.076031830968020131e-01,8.389885957218154999e-01,8.696372577434630102e-01,8.993184205361615113e-01,9.278000360801854640e-01,9.548512220124507621e-01,9.802471569707194021e-01,1.003771602095440585e+00,1.025221913528895357e+00,1.044410888081330313e+00,1.061171028854204224e+00,1.075355723385513329e+00,1.086841592169363935e+00,1.095528868027429326e+00,1.101343125815660073e+00,1.104235906709845949e+00
1.131065154506046611e+00,1.127271870043244917e+00,1.119791521230666831e+00,1.108711422026118498e+00,1.094160541518078844e+00,1.076305700797945519e+00,1.055347200920991213e+00,1.031516435665167819e+00,1.005069148883549701e+00,9.762814631105243279e-01,9.454439438633386317e-01,9.128555929387971446e-01,8.788196682463365050e-01,8.436369341852412163e-01,8.076031830968020131e-01,7.710031344233243544e-01,7.341093246183305610e-01,6.971773474117242131e-01,6.604456454656002506e-01,6.241331578575994854e-01,5.884400880763394071e-01,5.535457791006308526e-01,5.196096636977642902e-01,4.867706945594250101e-01,4.551486478077606534e-01,4.248441197459555951e-01,3.959399220763373251e-01,3.685013542379067530e-01,3.425777062326602618e-01,3.182025920240221240e-01,2.953955735482907130e-01,2.741624543586169693e-01,2.544970142764526599e-01,2.363812204992967736e-01,2.197870519123057420e-01,2.046766025851098902e-01,1.910040614288561756e-01,1.787155562055318114e-01,1.677514621211884105e-01,1.580458699051234817e-01,1.495290923227940993e-01,1.421271269688446637e-01,1.357638248213959287e-01,1.303606867448792173e-01,1.258387628622870125e-01,1.221181845882739481e-01,1.191204285906621863e-01,1.167674243314991145e-01,1.149834107639833292e-01,1.136949117929475506e-01,1.128313018127613532e-01,1.123252094120914535e-01,1.121133774168612263e-01,1.121361121759321122e-01,1.123381697194361095e-01,1.126692129459740954e-01,1.130829643603163959e-01,1.135382862034930440e-01,1.139990760644309375e-01,1.144341150246077632e-01,1.148167078305988298e-01,1.151262467276978896e-01,1.153464589884265479e-01,1.154662038602793928e-01,1.154796611128858785e-01,1.153866413508808364e-01,1.151909746616581742e-01,1.149024431460929918e-01,1.145360898641172298e-01,1.141119776325467683e-01,1.136548240738193272e-01,1.131951302150611127e-01,1.127688213646393933e-01,1.124163041078389824e-01,1.121826704767556748e-01,1.121187033277522005e-01,1.122802616438747236e-01,1.127265042441933929e-01,1.135210736798910602e-01,1.147320950605745793e-01,1.164318422426759980e-01,1.186940622798715594e-01,1.215954469360269741e-01,1.252147614775509510e-01,1.296332693799229219e-01,1.349313173483466244e-01,1.411893428633561598e-01,1.484862168449438968e-01,1.569006753103110441e-01,1.665080775225220577e-01,1.773805108607007242e-01,1.895841882971183168e-01,2.031805324501192445e-01,2.182243752779982060e-01,2.347640930569525608e-01,2.528391926823019276e-01,2.724795585081523086e-01,2.937035642369494326e-01,3.165177048168743568e-01,3.409159236827576933e-01,3.668796678468737582e-01,3.943769342090774899e-01,4.233604797184113977e-01,4.537655126844697406e-01,4.855081590863647989e-01,5.184845645187436958e-01,5.525713073741513881e-01,5.876251281392796955e-01,6.234833820334699794e-01,6.599630561033364984e-01,6.968614026423836094e-01,7.339553126134887862e-01,7.710031344233243544e-01,8.077450813454447598e-01,8.439063355606464256e-01,8.791986307635397679e-01,9.133247294738850997e-01,9.459812270735312723e-01,9.768644155044228228e-01,1.005673943696876904e+00,1.032119779279241811e+00,1.055926157666306153e+00,1.076838543319610153e+00,1.094627819700733085e+00,1.109095485300841233e+00,1.120077226092973888e+00,1.127447966707308069e+00,1.131124320277976381e+00
1.156235391936647261e+00,1.151647661268469847e+00,1.142605373019733861e+00,1.129232654226342447e+00,1.111712021012181140e+00,1.090277001805716850e+00,1.065205475080702513e+00,1.036813699134029321e+00,1.005446196068447762e+00,9.714689571291188486e-01,9.352604543735623110e-01,8.972036454786405102e-01,8.576798791113304787e-01,8.170610045708883717e-01,7.757061698531515503e-01,7.339553126134887862e-01,6.921281734683333298e-01,6.505195765571727406e-01,6.094001126511159327e-01,5.690143455740184208e-01,5.295818504702651808e-01,4.912956041483482750e-01,4.543237549659124852e-01,4.188095347039961780e-01,3.848731692417572958e-01,3.526122495982519922e-01,3.221036199537081757e-01,2.934039411791076191e-01,2.665516107543055568e-01,2.415672954437582121e-01,2.184559304287461146e-01,1.972071348465789242e-01,1.777972991094856070e-01,1.601898562455659203e-01,1.443374528694505443e-01,1.301820675883078593e-01,1.176573381694367981e-01,1.066884078027783289e-01,9.719454682337413942e-02,8.908868284693483020e-02,8.228009207903141942e-02,7.667406965440193289e-02,7.217410596044260274e-02,6.868200066749352573e-02,6.609966906157183075e-02,6.432903038184178968e-02,6.327402595846365330e-02,6.284028163366883746e-02,6.293638428097381166e-02,6.347462382376534151e-02,6.437087598618518314e-02,6.554566178394338749e-02,6.692433330584890427e-02,6.843736904512809360e-02,7.002011552914666481e-02,7.161445165414193070e-02,7.316679905090950342e-02,7.463002970820298287e-02,7.596250633284284959e-02,7.712891775166497155e-02,7.809864205215433230e-02,7.884841444416679224e-02,7.935971013446874167e-02,7.962034683703222981e-02,7.962335415896859558e-02,7.936901479251901037e-02,7.886179252116676253e-02,7.811291145799259539e-02,7.713945558694490501e-02,7.596484729246810730e-02,7.461713375309386720e-02,7.313164639805336265e-02,7.154934647077482168e-02,6.991736849722940406e-02,6.828782522164544844e-02,6.671968838273301117e-02,6.527773848321771766e-02,6.403207670466315449e-02,6.305740537612791741e-02,6.243402322829183504e-02,6.224767834875422068e-02,6.258741598162487207e-02,6.354538633249262602e-02,6.521652860845961186e-02,6.769958966732758654e-02,7.109382158208177316e-02,7.549889519923169701e-02,8.101290560716734035e-02,8.773442125982455764e-02,9.575950871490590544e-02,1.051814884635859926e-01,1.160874018981701283e-01,1.285592576976597456e-01,1.426721379316973071e-01,1.584947424424285600e-01,1.760862826390763303e-01,1.954957599194671047e-01,2.167596715515998085e-01,2.399017834696905993e-01,2.649317519135081511e-01,2.918448483670914584e-01,3.206209228224281560e-01,3.512230963751221680e-01,3.835956188944606993e-01,4.176617755438343238e-01,4.533218751263632385e-01,4.904525071499961086e-01,5.289058211570676349e-01,5.685098318656116589e-01,6.090673765911560622e-01,6.503563033998602805e-01,6.921281734683333298e-01,7.341093246183305610e-01,7.760006106315273655e-01,8.174800772978727537e-01,8.582042257276754071e-01,8.978125561074676853e-01,9.359305937919089047e-01,9.721766240437688111e-01,1.006166405725394952e+00,1.037522031952065049e+00,1.065878030512237729e+00,1.090891050729638323e+00,1.112247233662372992e+00,1.129670452466569941e+00,1.142929588563788457e+00,1.151846959139206206e+00,1.156302406686563700e+00
1.179311246491096199e+00,1.173944379543357286e+00,1.163370684321861859e+00,1.147751876658560377e+00,1.127324926307451847e+00,1.102391008139122164e+00,1.073306491702396670e+00,1.040473094466548787e+00,1.004324385546993881e+00,9.653160433368981330e-01,9.239137916181476839e-01,8.805834576094184740e-01,8.357829733744353007e-01,7.899534501895573158e-01,7.435152979559944697e-01,6.968614026423836094e-01,6.503563033998602805e-01,6.043316483418124108e-01,5.590880556435706694e-01,5.148934601347292528e-01,4.719844956810703707e-01,4.305655619090487107e-01,3.908114494365122482e-01,3.528677238873854094e-01,3.168532590837003227e-01,2.828609827272430266e-01,2.509602888119530917e-01,2.211978898775583957e-01,1.936001865907428510e-01,1.681739830342934283e-01,1.449088898004902148e-01,1.237778330925323189e-01,1.047395143368134995e-01,8.773871346909345448e-02,7.270880969345228095e-02,5.957190465299788684e-02,4.824146966177522700e-02,3.862222358368683217e-02,3.061299238906656228e-02,2.410638341321202915e-02,1.899153052349333848e-02,1.515410544371320611e-02,1.247831902071538934e-02,1.084753669981353141e-02,1.014574511779642307e-02,1.025805714664329571e-02,1.107214958213376121e-02,1.247881525404181957e-02,1.437228653367128572e-02,1.665207162363913085e-02,1.922181811703183030e-02,2.199132638068590495e-02,2.487574761538269286e-02,2.779697205706099794e-02,3.068206183677091303e-02,3.346613397546605029e-02,3.608928226917385018e-02,3.849928690232218287e-02,4.064967042974387823e-02,4.250177575751479253e-02,4.402154899501908858e-02,4.518357365972747175e-02,4.596737962592101212e-02,4.635992762251817112e-02,4.635338650913922720e-02,4.594829189903748556e-02,4.514969096440779595e-02,4.397027417263643656e-02,4.242843120459838246e-02,4.055073604541803434e-02,3.836809182449485434e-02,3.591974215797222314e-02,3.325109848243812394e-02,3.041515415864637362e-02,2.746988977499142948e-02,2.448160742662253142e-02,2.152284759223732635e-02,1.867313368228451509e-02,1.601704395388026114e-02,1.364603653794915772e-02,1.165754615695391294e-02,1.015427924204459487e-02,9.242736807465234961e-03,9.033066923194610354e-03,9.639659662724398004e-03,1.117911888877642923e-02,1.376938523902992983e-02,1.752716177378488283e-02,2.256954063523153309e-02,2.901180861499597086e-02,3.696754209441621697e-02,4.654434580317001746e-02,5.784441484445324022e-02,7.096228405873716838e-02,8.598619481644220741e-02,1.029948986418958157e-01,1.220568626638680598e-01,1.432269612066363607e-01,1.665462787046863014e-01,1.920404555449266581e-01,2.197195611028917028e-01,2.495765968337906315e-01,2.815861073497814004e-01,3.157019537257923503e-01,3.518552564055710263e-01,3.899519065989807132e-01,4.298708099480563760e-01,4.714622176993827907e-01,5.145473259029103019e-01,5.589169944874470275e-01,6.043316483418124108e-01,6.505195765571727406e-01,6.971773474117242131e-01,7.439688523857483915e-01,7.905274101125314701e-01,8.364566000707327476e-01,8.813347843372696389e-01,9.247182801966005172e-01,9.661488954040038379e-01,1.005159625871087314e+00,1.041285348524667143e+00,1.074071094559840844e+00,1.103084455429353739e+00,1.127926100015457678e+00,1.148241465476075973e+00,1.163731802887539857e+00,1.174165898417712128e+00,1.179385801240528053e+00
1.199954691830939169e+00,1.193834218708786921e+00,1.181779374680075989e+00,1.163989351270330985e+00,1.140755206492656271e+00,1.112445223540532879e+00,1.079493566020715889e+00,1.042386394503623137e+00,1.001645094370758216e+00,9.578135310613760112e-01,9.114429512456183602e-01,8.630801554793521291e-01,8.132576072542150314e-01,7.624835575686574884e-01,7.112374928023825760e-01,6.599630561033364984e-01,6.090673765911560622e-01,5.589169944874470275e-01,5.098408182776381636e-01,4.621280971173149510e-01,4.160304677977251231e-01,3.717618082461058293e-01,3.295017177404986342e-01,2.893963373008716644e-01,2.515615261791310786e-01,2.160839847678914794e-01,1.830242323913324753e-01,1.524177418855146016e-01,1.242777976797384554e-01,9.859637529343956430e-02,7.534697745697371829e-02,5.448522087993978857e-02,3.595167548328959128e-02,1.967220831998872654e-02,5.560823478177212564e-03,-6.480155247842844801e-03,-1.655720593257115070e-02,-2.478557899661382180e-02,-3.128636465211798168e-02,-3.618648168948368493e-02,-3.961611935420705777e-02,-4.170813316177657271e-02,-4.259651708292722105e-02,-4.241499536317405727e-02,-4.129623323572673144e-02,-3.937040093293830978e-02,-3.676466383630838664e-02,-3.360145710870199309e-02,-2.999938718768646595e-02,-2.607013104199040754e-02,-2.192075220179390271e-02,-1.765062534246908399e-02,-1.335337895865507107e-02,-9.114287341475346693e-03,-5.013278828229772444e-03,-1.120762037444933412e-03,2.498122999597285343e-03,5.787103251833514150e-03,8.695771707706967391e-03,1.118279932971688595e-02,1.321153306845701536e-02,1.475474465570414395e-02,1.579052367586086802e-02,1.630522887330698723e-02,1.629023449264366263e-02,1.574646028782922258e-02,1.467924843618106934e-02,1.310256177576718528e-02,1.103588459363891161e-02,8.507998860466159385e-03,5.552361231991653767e-03,2.211352923353615552e-03,-1.466321959242122830e-03,-5.422723748722546588e-03,-9.594956237719998171e-03,-1.391084873213799256e-02,-1.829142642708347921e-02,-2.264904032318781901e-02,-2.689085332005447526e-02,-3.091578578073495009e-02,-3.461623850148498605e-02,-3.787750783556020906e-02,-4.058055236794189113e-02,-4.260130060464462076e-02,-4.381113591566077048e-02,-4.407763876606907161e-02,-4.326629007687188277e-02,-4.124267193357411543e-02,-3.787198934645630288e-02,-3.302075759070532968e-02,-2.655651342743681198e-02,-1.835189448485152752e-02,-8.284678152008950747e-03,3.759159541473877653e-03,1.788701884143506504e-02,3.419665339515631786e-02,5.277595788307110070e-02,7.369881925644961029e-02,9.702453971983970860e-02,1.227953866747668599e-01,1.510367944495101256e-01,1.817557486214980145e-01,2.149395022264428690e-01,2.505528157215053398e-01,2.885357090187596896e-01,3.288006626826529555e-01,3.712303287609870495e-01,4.156750486300637704e-01,4.619514963104336402e-01,5.098408182776381636e-01,5.590880556435706694e-01,6.094001126511159327e-01,6.604456454656002506e-01,7.118535485685981712e-01,7.632144979861692491e-01,8.140813410545888473e-01,8.639735155171450742e-01,9.123803051700747346e-01,9.587691240408986459e-01,1.002592157119423177e+00,1.043298820459284570e+00,1.080346193628969331e+00,1.113213984026614867e+00,1.141418363276912373e+00,1.164527167842493327e+00,1.182174676516552836e+00,1.194076290054510991e+00,1.200036222267485186e+00
1.217878178851393045e+00,1.211039195751652642e+00,1.197571860486419837e+00,1.177711821302807493e+00,1.151802583970933824e+00,1.120277534130366348e+00,1.083646344080619883e+00,1.042477034584365470e+00,9.973761422013893707e-01,9.489729785015015295e-01,8.979016004874722512e-01,8.447871663025097178e-01,7.902341609284206925e-01,7.348156298788950380e-01,6.790679231878300470e-01,6.234833820334699794e-01,5.685098318656116589e-01,5.145473259029103019e-01,4.619514963104336402e-01,4.110310035550099883e-01,3.620507154806773542e-01,3.152323553393188149e-01,2.707587685575276737e-01,2.287751339612782431e-01,1.893928187221973758e-01,1.526908818797352296e-01,1.187196561216978807e-01,8.750215419246387683e-02,5.903744932111010257e-02,3.330170374810847989e-02,1.025146181791569688e-02,-1.017568437465854458e-02,-2.805787802313375323e-02,-4.348856940112000302e-02,-5.657341043692554194e-02,-6.742990218653233114e-02,-7.618442135967029571e-02,-8.297184284162995027e-02,-8.793276621649681601e-02,-9.121289871896465229e-02,-9.296098160787380493e-02,-9.332730724582916082e-02,-9.246296139301080075e-02,-9.051738086488114732e-02,-8.763848908057525477e-02,-8.397015754033532176e-02,-7.965279944498604436e-02,-7.482039463728540341e-02,-6.960267725200708355e-02,-6.412082056948520403e-02,-5.849087915858319775e-02,-5.281977944201798891e-02,-4.720827814671224587e-02,-4.174737263548422561e-02,-3.652241328552463528e-02,-3.160814946221535138e-02,-2.707356939767180393e-02,-2.297803513545204623e-02,-1.937476104900781593e-02,-1.630702925935167968e-02,-1.381328978563090004e-02,-1.192201627605982139e-02,-1.065617344221436724e-02,-1.002972253579059725e-02,-1.005176577898225787e-02,-1.072133178240619600e-02,-1.203254483752402848e-02,-1.397079177601767697e-02,-1.651569560212351462e-02,-1.963693432989543908e-02,-2.329928718525309250e-02,-2.745798542710531365e-02,-3.206193494673925670e-02,-3.704967860223007392e-02,-4.235441670155637439e-02,-4.789935532309641530e-02,-5.360073756983751991e-02,-5.936441512230317130e-02,-6.509068592342259763e-02,-7.067057437561174993e-02,-7.598824069876286558e-02,-8.091874261795339862e-02,-8.533220874127778188e-02,-8.909237970942740503e-02,-9.205811801869856481e-02,-9.408270171925892100e-02,-9.501652169055319064e-02,-9.470869749129917636e-02,-9.300782520247707907e-02,-8.976294000481743751e-02,-8.482361047990139014e-02,-7.804348338582656197e-02,-6.928087038721741919e-02,-5.840219864150242302e-02,-4.528073272236099456e-02,-2.979965104638893081e-02,-1.185174106829833818e-02,8.656139860079292703e-03,3.180234871686593578e-02,5.764694631376698908e-02,8.623180482200609731e-02,1.175786884683134303e-01,1.516884462574807912e-01,1.885378594627269422e-01,2.280771526178142494e-01,2.702266108510968934e-01,3.148738458374253923e-01,3.618706900769836921e-01,4.110310035550099883e-01,4.621280971173149510e-01,5.148934601347292528e-01,5.690143455740184208e-01,6.241331578575994854e-01,6.798455129889049431e-01,7.357012720129034733e-01,7.912045502659736940e-01,8.458180475524557096e-01,8.989663875570670371e-01,9.500451272956524917e-01,9.984283199557921762e-01,1.043482649735139489e+00,1.084579995338430081e+00,1.121114863832289643e+00,1.152521482706688971e+00,1.178292535467079460e+00,1.197997387607330211e+00,1.211299374828371356e+00,1.217965839705328790e+00
1.232847534609334161e+00,1.225333740711676001e+00,1.210539112252433824e+00,1.188733858939230004e+00,1.160311081575031267e+00,1.125765875181201636e+00,1.085679637034161260e+00,1.040698207998758562e+00,9.915092862308085842e-01,9.388237598379873816e-01,8.833549040693782217e-01,8.258029908702866351e-01,7.668416352343854214e-01,7.071061686213795383e-01,6.471876152341309307e-01,5.876251281392796955e-01,5.289058211570676349e-01,4.714622176993827907e-01,4.156750486300637704e-01,3.618706900769836921e-01,3.103258302338929298e-01,2.612687518616922944e-01,2.148842617778541353e-01,1.713152758332938674e-01,1.306674046217040086e-01,9.301082905439272963e-02,5.838451885122708518e-02,2.679789627637774174e-02,-1.765234721389674633e-03,-2.734550965544713108e-02,-5.000424834244654448e-02,-6.982266388762070619e-02,-8.689830997252556699e-02,-1.013444555104285882e-01,-1.132868247470639744e-01,-1.228628924248766907e-01,-1.302190026764833419e-01,-1.355093992796554403e-01,-1.388938673222526177e-01,-1.405362261189679884e-01,-1.406030384086562890e-01,-1.392609601366956440e-01,-1.366770565229558088e-01,-1.330150675844095076e-01,-1.284367393698602200e-01,-1.230979952594566385e-01,-1.171508108029826190e-01,-1.107389491983781227e-01,-1.040014241564790609e-01,-9.706714830329588040e-02,-9.005928089283088411e-02,-8.309062891342477997e-02,-7.626726229207747565e-02,-6.968440918336682444e-02,-6.343117340756521116e-02,-5.758536195122587742e-02,-5.221841071343646945e-02,-4.739169905397488947e-02,-4.316010361084465785e-02,-3.956814863622071243e-02,-3.665510408339400783e-02,-3.445036507913812329e-02,-3.297718603374732993e-02,-3.224990947735761893e-02,-3.227759613133684979e-02,-3.305947290616018108e-02,-3.458922095960303977e-02,-3.685180408946564512e-02,-3.982641592251923157e-02,-4.348192577501208689e-02,-4.778187502108721674e-02,-5.268023175064229235e-02,-5.812433720947751681e-02,-6.405055963087136206e-02,-7.038947318439170431e-02,-7.706110927651366183e-02,-8.397830805208172933e-02,-9.104235279336592157e-02,-9.814834769294122907e-02,-1.051810608365144617e-01,-1.120182618940503971e-01,-1.185268499649794194e-01,-1.245680037759484549e-01,-1.299948427313921684e-01,-1.346555052847975276e-01,-1.383906649520838528e-01,-1.410372304867166804e-01,-1.424289840203130098e-01,-1.423990269341857129e-01,-1.407797936157351160e-01,-1.374038180025536349e-01,-1.321062904417829031e-01,-1.247265216481565631e-01,-1.151114373141979286e-01,-1.031148690579470895e-01,-8.860059319067659089e-02,-7.144178144534407693e-02,-5.152566293530469466e-02,-2.875420246755311382e-02,-3.048525078241937081e-03,2.565097371963531714e-02,5.738201034063195038e-02,9.216001663000383815e-02,1.299746808350903393e-01,1.707874786047938187e-01,2.145276369680004791e-01,2.610889174278554492e-01,3.103258302338929298e-01,3.620507154806773542e-01,4.160304677977251231e-01,4.719844956810703707e-01,5.295818504702651808e-01,5.884400880763394071e-01,6.481230104330677477e-01,7.081412790394381318e-01,7.679521468212584523e-01,8.269637497979260843e-01,8.845385841372319646e-01,9.400032546358403351e-01,9.926569790353596545e-01,1.041787313884242394e+00,1.086684809061011947e+00,1.126662775239651637e+00,1.161077567309746428e+00,1.189350652421367727e+00,1.210989841129986644e+00,1.225608907586334340e+00,1.232940239009039374e+00
1.244683393422377549e+00,1.236545964657040031e+00,1.220523583863695194e+00,1.196918325205132305e+00,1.166168944802350893e+00,1.128827606744636114e+00,1.085542305268205610e+00,1.037031361513044203e+00,9.840584687676425801e-01,9.274112243543584100e-01,8.678777589382917768e-01,8.062296693647823531e-01,7.432064870463648276e-01,6.795031966950659807e-01,6.157633669290447642e-01,5.525713073741513881e-01,4.904525071499961086e-01,4.298708099480563760e-01,3.712303287609870495e-01,3.148738458374253923e-01,2.610889174278554492e-01,2.101094363373192664e-01,1.621211566903895118e-01,1.172636880860409292e-01,7.563585262438721202e-02,3.729790650716324762e-02,2.276416093522470874e-03,-2.943383098843810330e-02,-5.786533103352553553e-02,-8.307651085213763054e-02,-1.051475193901012517e-01,-1.241792230859175561e-01,-1.402893907383599981e-01,-1.536116921986376838e-01,-1.642924581481111090e-01,-1.724893447545809977e-01,-1.783688275050820948e-01,-1.821042887430053270e-01,-1.838744157487042230e-01,-1.838604697053938253e-01,-1.822460674098493882e-01,-1.792131680857949050e-01,-1.749435893742514736e-01,-1.696140007222908253e-01,-1.633983674047669865e-01,-1.564630716981980640e-01,-1.489697818417567987e-01,-1.410703429090318650e-01,-1.329110377390918529e-01,-1.246268025040251359e-01,-1.163458940659722884e-01,-1.081853510320911482e-01,-1.002546486376161283e-01,-9.265178071186142006e-02,-8.546784136893847972e-02,-7.878248113873098646e-02,-7.266804467509757615e-02,-6.718699593962185190e-02,-6.239456396272657912e-02,-5.833591127856152525e-02,-5.505012707493506241e-02,-5.256709870110398697e-02,-5.090983671264837085e-02,-5.009280942013560889e-02,-5.012483693907654470e-02,-5.100539739838438891e-02,-5.272777456974608867e-02,-5.527702528027589324e-02,-5.863200274572477610e-02,-6.276175281374207771e-02,-6.762907898550452046e-02,-7.318770999492585361e-02,-7.938433082755125270e-02,-8.615457248640723265e-02,-9.342746564074388971e-02,-1.011215131846938675e-01,-1.091475325404758223e-01,-1.174040873538615415e-01,-1.257827332680108157e-01,-1.341638938352502919e-01,-1.424206023535958821e-01,-1.504136824804902517e-01,-1.579973311644948808e-01,-1.650159762009195674e-01,-1.713086883546139916e-01,-1.767053201446060484e-01,-1.810310840232460805e-01,-1.841058232686236806e-01,-1.857482114269686235e-01,-1.857748804780783303e-01,-1.840022030368544392e-01,-1.802475328860424497e-01,-1.743315761563337674e-01,-1.660816436064038726e-01,-1.553319566975375210e-01,-1.419264776208137846e-01,-1.257184148857248829e-01,-1.065748007228251026e-01,-8.437725280313657095e-02,-5.902713512473667379e-02,-3.044594418958013193e-02,1.421230905009451817e-03,3.660555765554818208e-02,7.511057233072904182e-02,1.169098852634959940e-01,1.619425422975382389e-01,2.101094363373192664e-01,2.612687518616922944e-01,3.152323553393188149e-01,3.717618082461058293e-01,4.305655619090487107e-01,4.912956041483482750e-01,5.535457791006308526e-01,6.168492984469367002e-01,6.806790295311202499e-01,7.444470932157685183e-01,8.075092133442751674e-01,8.691684288840946238e-01,9.286856224753989864e-01,9.852890132522276190e-01,1.038191398260806864e+00,1.086606864784656068e+00,1.129772750076099896e+00,1.166972934257913153e+00,1.197562888506027434e+00,1.220993410343226060e+00,1.236832323179910986e+00,1.244779819223992945e+00
1.253261182585660549e+00,1.244557451540998727e+00,1.227418678197636837e+00,1.202175416671366293e+00,1.169307221074689096e+00,1.129417627625798559e+00,1.083214954904320848e+00,1.031483562923824593e+00,9.750569713031893571e-01,9.147937694866925540e-01,8.515519244221536610e-01,7.861701050796909840e-01,7.194502780273808185e-01,6.521443600723557665e-01,5.849464011151042087e-01,5.184845645187436958e-01,4.533218751263632385e-01,3.899519065989807132e-01,3.288006626826529555e-01,2.702266108510968934e-01,2.145276369680004791e-01,1.619425422975382389e-01,1.126572634949241092e-01,6.680731275604046004e-02,2.448390680748957493e-02,-1.426350119800190441e-02,-4.942167648894724152e-02,-8.101143152941858716e-02,-1.090825729337154826e-01,-1.337122940800838933e-01,-1.550005739135542626e-01,-1.730687903064449529e-01,-1.880557858019216155e-01,-2.001162389529014263e-01,-2.094176608415239116e-01,-2.161381375448740982e-01,-2.204644488981273298e-01,-2.225889332840438328e-01,-2.227088775848073965e-01,-2.210223478709991696e-01,-2.177292092014369018e-01,-2.130256648765964655e-01,-2.071070023561105700e-01,-2.001614201701187312e-01,-1.923734207398268836e-01,-1.839182201675555461e-01,-1.749652093241849116e-01,-1.656726010524494086e-01,-1.561918259224341909e-01,-1.466621562329919470e-01,-1.372148297469664158e-01,-1.279695457901368627e-01,-1.190371866312602833e-01,-1.105171435673781843e-01,-1.025007091634932976e-01,-9.506821529340925281e-02,-8.829144464758087452e-02,-8.223298163258618843e-02,-7.694725718700112793e-02,-7.247937094443557271e-02,-6.886738838652206596e-02,-6.614125125602754451e-02,-6.432312905765513733e-02,-6.342759772785200312e-02,-6.346274196110357479e-02,-6.442864828608207972e-02,-6.631802987394053162e-02,-6.911658121195785043e-02,-7.280299838205905871e-02,-7.734724547952964713e-02,-8.271197378932981792e-02,-8.885168944041765826e-02,-9.571313266278025367e-02,-1.032326633689706341e-01,-1.113388318408397026e-01,-1.199502000777954436e-01,-1.289768561317146123e-01,-1.383166508817623708e-01,-1.478591030017781804e-01,-1.574823603289985385e-01,-1.670563504821416245e-01,-1.764380396204643375e-01,-1.854764617700368490e-01,-1.940094939787684325e-01,-2.018687881171246090e-01,-2.088752110461484790e-01,-2.148438844740354625e-01,-2.195822396604967253e-01,-2.228957295144198270e-01,-2.245859587193876905e-01,-2.244539682612582965e-01,-2.222998369404791674e-01,-2.179262437519469131e-01,-2.111408723653198649e-01,-2.017581578802207787e-01,-1.896017405619261353e-01,-1.745044621577704902e-01,-1.563125839172414544e-01,-1.348867111029790067e-01,-1.101074999956779266e-01,-8.187642276971018873e-02,-5.012015640505751435e-02,-1.479062717159251861e-02,2.413054995273000713e-02,6.662998379169948748e-02,1.126572634949241092e-01,1.621211566903895118e-01,2.148842617778541353e-01,2.707587685575276737e-01,3.295017177404986342e-01,3.908114494365122482e-01,4.543237549659124852e-01,5.196096636977642902e-01,5.861728087226794059e-01,6.534494948024018868e-01,7.208083277570125347e-01,7.875547523970283237e-01,8.529351392944590771e-01,9.161481574472389866e-01,9.763553313379702558e-01,1.032699730293060725e+00,1.084324705256221932e+00,1.130397874675651337e+00,1.170137147537531064e+00,1.202838289494565061e+00,1.227900651444045366e+00,1.244850678523505394e+00,1.253359829020197935e+00
1.258509849792275759e+00,1.249301934985282969e+00,1.231167304639200211e+00,1.204461062605503230e+00,1.169697990252757336e+00,1.127526464948758189e+00,1.078707945159777637e+00,1.024085507803746964e+00,9.645555168918917843e-01,9.010411403318272505e-01,8.344646174041798758e-01,7.657270463622154466e-01,6.956891222554304477e-01,6.251569134593637500e-01,5.548729392362758972e-01,4.855081590863647989e-01,4.176617755438343238e-01,3.518552564055710263e-01,2.885357090187596896e-01,2.280771526178142494e-01,1.707874786047938187e-01,1.169098852634959940e-01,6.662998379169948748e-02,2.007863355115091508e-02,-2.266119652574616339e-02,-6.155160626812516966e-02,-9.659354780721685074e-02,-1.278243546389745688e-01,-1.553121527997944895e-01,-1.791538774147909407e-01,-1.994703691504469134e-01,-2.164043787543192821e-01,-2.301167127849907956e-01,-2.407836431418388656e-01,-2.485944415078051861e-01,-2.537478194402922327e-01,-2.564509859206367537e-01,-2.569150001608875300e-01,-2.553553211346581975e-01,-2.519861696469263279e-01,-2.470226642248007920e-01,-2.406742315292262901e-01,-2.331481442107161683e-01,-2.246428009668193226e-01,-2.153513998130023310e-01,-2.054564414257384897e-01,-1.951329867149524944e-01,-1.845439524074805604e-01,-1.738438056453333047e-01,-1.631744713124021473e-01,-1.526681477031388567e-01,-1.424455829428978859e-01,-1.326172300375674240e-01,-1.232824400228480499e-01,-1.145311076047761389e-01,-1.064430294985072578e-01,-9.908811522021210294e-02,-9.252812965722512217e-02,-8.681562704829559607e-02,-8.199503753728265565e-02,-7.810257940428755319e-02,-7.516788144944541727e-02,-7.321176045752508799e-02,-7.224875505485783833e-02,-7.228602734771527594e-02,-7.332424463652387203e-02,-7.535575752645229386e-02,-7.836709156262600118e-02,-8.233714574589612312e-02,-8.723737671161302387e-02,-9.303087782461716415e-02,-9.967378922063119262e-02,-1.071137303746354519e-01,-1.152889576588336240e-01,-1.241287263977994826e-01,-1.335530772552999679e-01,-1.434726990121077961e-01,-1.537864816904743748e-01,-1.643835778294828742e-01,-1.751416801718335137e-01,-1.859292692087137766e-01,-1.966014408217517939e-01,-2.070039446774956104e-01,-2.169701214910162435e-01,-2.263259722817991815e-01,-2.348852838478734384e-01,-2.424547893895407924e-01,-2.488312345529237746e-01,-2.538081277522934442e-01,-2.571731389450917504e-01,-2.587127442428567292e-01,-2.582103969372724350e-01,-2.554512438755978110e-01,-2.502234479821936475e-01,-2.423215276213710467e-01,-2.315482534600334930e-01,-2.177156196836165236e-01,-2.006484561135835065e-01,-1.801857618485485091e-01,-1.561865972407758818e-01,-1.285313995293222433e-01,-9.712724938850669787e-02,-6.190804576000630277e-02,-2.283956287973865074e-02,2.007863355115091508e-02,6.680731275604046004e-02,1.172636880860409292e-01,1.713152758332938674e-01,2.287751339612782431e-01,2.893963373008716644e-01,3.528677238873854094e-01,4.188095347039961780e-01,4.867706945594250101e-01,5.562261095950873369e-01,6.265766309550002688e-01,6.971488946061299430e-01,7.672002051038049331e-01,8.359231693042090683e-01,9.024579977049995705e-01,9.659042212451822706e-01,1.025340770978374394e+00,1.079846694774090565e+00,1.128526976835189544e+00,1.170540926982710062e+00,1.205131736993195091e+00,1.231653703551614853e+00,1.249597239333468224e+00,1.258609063028842456e+00
1.260409411965042636e+00,1.250762776008713217e+00,1.231759260265519629e+00,1.203774201534855592e+00,1.167351545149500680e+00,1.123177385911475312e+00,1.072058477482144667e+00,1.014888646397480443e+00,9.526195062980775674e-01,8.862318534395683400e-01,8.167062061508261195e-01,7.450011340414164351e-01,6.720321644186526555e-01,5.986566546071259154e-01,5.256636399768126466e-01,4.537655126844697406e-01,3.835956188944606993e-01,3.157019537257923503e-01,2.505528157215053398e-01,1.885378594627269422e-01,1.299746808350903393e-01,7.511057233072904182e-02,2.413054995273000713e-02,-2.283956287973865074e-02,-6.572557162728287494e-02,-1.045017832961150361e-01,-1.391841439697714122e-01,-1.698273669468903790e-01,-1.965188892518199282e-01,-2.193763028612352173e-01,-2.385423188324864441e-01,-2.541818652722582783e-01,-2.664785482194673705e-01,-2.756307839106284518e-01,-2.818500883251431333e-01,-2.853559862188603802e-01,-2.863761183830462187e-01,-2.851400192244284426e-01,-2.818807700159595697e-01,-2.768280575469219684e-01,-2.702111385340089100e-01,-2.622515854260996093e-01,-2.531670411232482820e-01,-2.431647298435137827e-01,-2.324445742728187270e-01,-2.211947985210542811e-01,-2.095939867794527345e-01,-1.978081306036756359e-01,-1.859925953357475237e-01,-1.742903560144384301e-01,-1.628326003966691360e-01,-1.517396269325388403e-01,-1.411197376398831693e-01,-1.310709165307599733e-01,-1.216802391296596397e-01,-1.130258123870646614e-01,-1.051746015080823327e-01,-9.818657410244213679e-02,-9.211166013403726538e-02,-8.699282553931197981e-02,-8.286403910190642819e-02,-7.975396043229920906e-02,-7.768193958705182922e-02,-7.666207468099628386e-02,-7.670064986955082986e-02,-7.779878141951712678e-02,-7.994866620614970998e-02,-8.313785343865731647e-02,-8.734575963808310917e-02,-9.254578046613914921e-02,-9.870205689247768532e-02,-1.057730424292913085e-01,-1.137079728225387498e-01,-1.224480503360894090e-01,-1.319241960383834567e-01,-1.420592886001941224e-01,-1.527656934783294673e-01,-1.639450664818014047e-01,-1.754875341596715543e-01,-1.872723657011903242e-01,-1.991679611681149709e-01,-2.110297527953974850e-01,-2.227018158823028671e-01,-2.340153300174137030e-01,-2.447922249374983039e-01,-2.548413646538278954e-01,-2.639626529714433900e-01,-2.719440145865377190e-01,-2.785682606861286104e-01,-2.836102842939567381e-01,-2.868427792346039951e-01,-2.880332624654187157e-01,-2.869499285247485432e-01,-2.833616505975271593e-01,-2.770430995018671183e-01,-2.677757638186619715e-01,-2.553504007030085177e-01,-2.395697588411991319e-01,-2.202506889551330005e-01,-1.972298506365746107e-01,-1.703657620594327682e-01,-1.395447978621859875e-01,-1.046817517587612656e-01,-6.572557162728287494e-02,-2.266119652574616339e-02,2.448390680748957493e-02,7.563585262438721202e-02,1.306674046217040086e-01,1.893928187221973758e-01,2.515615261791310786e-01,3.168532590837003227e-01,3.848731692417572958e-01,4.551486478077606534e-01,5.271266212811553942e-01,6.001735318344572079e-01,6.735755700550782876e-01,7.465440789085846518e-01,8.182209312825676761e-01,8.876918559396642650e-01,9.539994265410314256e-01,1.016164474964142528e+00,1.073208730653647081e+00,1.124182246218524028e+00,1.168193729618849375e+00,1.204441531647887587e+00,1.232241890128676687e+00,1.251055087229616447e+00,1.260507452424633357e+00
1.258987623352709306e+00,1.248969698900609160e+00,1.229228065511833279e+00,1.200153755554552504e+00,1.162313544217099093e+00,1.116423771713755286e+00,1.063328234186755594e+00,1.003963130152754957e+00,9.393273118933223031e-01,8.704518742576823342e-01,7.983692995382227764e-01,7.240904162296715185e-01,6.485815153850182924e-01,5.727481931938314119e-01,4.974239742773534090e-01,4.233604797184113977e-01,3.512230963751221680e-01,2.815861073497814004e-01,2.149395022264428690e-01,1.516884462574807912e-01,9.216001663000383815e-02,3.660555765554818208e-02,-1.479062717159251861e-02,-6.190804576000630277e-02,-1.046817517587612656e-01,-1.430988693473267404e-01,-1.771911283696709916e-01,-2.070314485425228668e-01,-2.327275473288352714e-01,-2.544185333098880619e-01,-2.722699472823535416e-01,-2.864696018553729573e-01,-2.972246471396431389e-01,-3.047560599858627484e-01,-3.092979287756918438e-01,-3.110906494269016775e-01,-3.103820574181241909e-01,-3.074198450439951102e-01,-3.024538721835199340e-01,-2.957285927284374338e-01,-2.874860338313993680e-01,-2.779588390289546851e-01,-2.673732854463537478e-01,-2.559440236167631610e-01,-2.438757619349303241e-01,-2.313608245837031063e-01,-2.185793327571445843e-01,-2.056986261443825015e-01,-1.928730791875921113e-01,-1.802450026506505765e-01,-1.679429009567172670e-01,-1.560850242039322211e-01,-1.447761307645833995e-01,-1.341114341425537759e-01,-1.241741095623183355e-01,-1.150393795958564169e-01,-1.067704962932367607e-01,-9.942467595817561232e-02,-9.304868999988968881e-02,-8.768334568966906772e-02,-8.336004176375411134e-02,-8.010599021400821584e-02,-7.793891766709748481e-02,-7.687224455600016881e-02,-7.691138308636880083e-02,-7.805777981332084892e-02,-8.030373373055965658e-02,-8.363783153522774683e-02,-8.804043907328207297e-02,-9.348704752395065043e-02,-9.994351613553931202e-02,-1.073709840363079593e-01,-1.157211071457879825e-01,-1.249386554981981590e-01,-1.349573483038852828e-01,-1.457037806635810284e-01,-1.570933005714891806e-01,-1.690315457116895459e-01,-1.814112626191786148e-01,-1.941148324634554001e-01,-2.070122662676965319e-01,-2.199609991419322341e-01,-2.328051934554480340e-01,-2.453757312845681327e-01,-2.574922161132633391e-01,-2.689605016922058667e-01,-2.795753761406132298e-01,-2.891178809213386103e-01,-2.973616358137292082e-01,-3.040702047038621458e-01,-3.090034661473737287e-01,-3.119139259934371466e-01,-3.125534544896595435e-01,-3.106720932086233233e-01,-3.060247699050790970e-01,-2.983714495767202379e-01,-2.874812597391098734e-01,-2.731342575652888627e-01,-2.551246243769895727e-01,-2.332658732985493089e-01,-2.073938728090070072e-01,-1.773732917096992878e-01,-1.430988693473267404e-01,-1.045017832961150361e-01,-6.155160626812516966e-02,-1.426350119800190441e-02,3.729790650716324762e-02,9.301082905439272963e-02,1.526908818797352296e-01,2.160839847678914794e-01,2.828609827272430266e-01,3.526122495982519922e-01,4.248441197459555951e-01,4.989762366609795663e-01,5.743416750735121923e-01,6.501877391811916596e-01,7.256820705397899474e-01,7.999189770768850849e-01,8.719338886185710180e-01,9.407177327426410329e-01,1.005239629126094769e+00,1.064471366573116029e+00,1.117416179816856925e+00,1.163140558605732622e+00,1.200806109353166562e+00,1.229698378290748906e+00,1.249253749687596837e+00,1.259082696648988531e+00
1.254315826811463808e+00,1.243994669759089788e+00,1.223646936699040566e+00,1.193674755726249259e+00,1.154661342307278460e+00,1.107345694896295640e+00,1.052600240512674645e+00,9.913949883319332912e-01,9.247677987617208828e-01,8.537925075824261967e-01,7.795470278430229882e-01,7.030890135518461648e-01,6.254312490717950368e-01,5.475242363223316033e-01,4.702434312164029961e-01,3.943769342090774899e-01,3.206209228224281560e-01,2.495765968337906315e-01,1.817557486214980145e-01,1.175786884683134303e-01,5.738201034063195038e-02,1.421230905009451817e-03,-5.012015640505751435e-02,-9.712724938850669787e-02,-1.395447978621859875e-01,-1.773732917096992878e-01,-2.106609943235184801e-01,-2.394997540722840768e-01,-2.640184559614908721e-01,-2.843784608897408361e-01,-3.007689618964946021e-01,-3.134012652044759761e-01,-3.225066168238157616e-01,-3.283289142604530753e-01,-3.311249267197666768e-01,-3.311559216399189154e-01,-3.286894914711524507e-01,-3.239910600752580194e-01,-3.173262476277898259e-01,-3.089534306534886809e-01,-2.991258600624036035e-01,-2.880860449184297067e-01,-2.760669949928882261e-01,-2.632892952929068997e-01,-2.499604250884601697e-01,-2.362751364518373975e-01,-2.224131743992643351e-01,-2.085414939783589716e-01,-1.948118240947280810e-01,-1.813641110114048161e-01,-1.683228568064976116e-01,-1.558026768913123306e-01,-1.439037984366677847e-01,-1.327172543393118076e-01,-1.223216489890006642e-01,-1.127880989043745785e-01,-1.041757607755187109e-01,-9.653808072337710655e-02,-8.991851784406890147e-02,-8.435488114031386431e-02,-7.987608365890253026e-02,-7.650716269385782198e-02,-7.426449764851383861e-02,-7.316024304074630891e-02,-7.319937051246938609e-02,-7.438316309566062046e-02,-7.670458469269192392e-02,-8.015296115706860292e-02,-8.471021243056497951e-02,-9.035380869303821783e-02,-9.705206829438850491e-02,-1.047689353775922427e-01,-1.134592877869948779e-01,-1.230718449876206932e-01,-1.335441025953514327e-01,-1.448070865626078785e-01,-1.567801568659348277e-01,-1.693739577862487522e-01,-1.824851203854791493e-01,-1.960005745576012259e-01,-2.097932937860207403e-01,-2.237244186694908876e-01,-2.376396580834381211e-01,-2.513716708827047341e-01,-2.647392867573614694e-01,-2.775476277229245170e-01,-2.895879558202807402e-01,-3.006367186740988018e-01,-3.104597100136174959e-01,-3.188109231425642065e-01,-3.254382388878838128e-01,-3.300802637005233464e-01,-3.324731153334141709e-01,-3.323486453988522271e-01,-3.294423399519530449e-01,-3.234926300568048418e-01,-3.142468731868746090e-01,-3.014619718123441316e-01,-2.849090844967889780e-01,-2.643779495774225552e-01,-2.396812202631934952e-01,-2.106609943235184801e-01,-1.771911283696709916e-01,-1.391841439697714122e-01,-9.659354780721685074e-02,-4.942167648894724152e-02,2.276416093522470874e-03,5.838451885122708518e-02,1.187196561216978807e-01,1.830242323913324753e-01,2.509602888119530917e-01,3.221036199537081757e-01,3.959399220763373251e-01,4.718622460734707147e-01,5.491713880827262528e-01,6.270774102579963483e-01,7.047066328147906233e-01,7.811091229297204563e-01,8.552743830148443749e-01,9.261472269962354176e-01,9.926516939241025739e-01,1.053717252371527024e+00,1.108308643308291153e+00,1.155458684066530850e+00,1.194300470510569312e+00,1.224096367443735289e+00,1.244265205937296059e+00,1.254406154406652263e+00
1.246504375588912694e+00,1.235947480207215676e+00,1.215124633901567108e+00,1.184444549111390188e+00,1.144500622480776997e+00,1.096047025753534854e+00,1.039976467251022996e+00,9.772842329015531959e-01,9.090389144088106832e-01,8.363494384800276293e-01,7.603324696696773799e-01,6.820868433140248044e-01,6.026672256055718435e-01,5.230654471307474296e-01,4.441955114439508634e-01,3.668796678468737582e-01,2.918448483670914584e-01,2.197195611028917028e-01,1.510367944495101256e-01,8.623180482200609731e-02,2.565097371963531714e-02,-3.044594418958013193e-02,-8.187642276971018873e-02,-1.285313995293222433e-01,-1.703657620594327682e-01,-2.073938728090070072e-01,-2.396812202631934952e-01,-2.673392089777735237e-01,-2.905186679553253271e-01,-3.094038012370390334e-01,-3.242081141521708787e-01,-3.351668274696351091e-01,-3.425356060019737470e-01,-3.465814374577860235e-01,-3.475835582388526745e-01,-3.458239754219789575e-01,-3.415892276825900353e-01,-3.351619651311921189e-01,-3.268222648667915564e-01,-3.168414745868517457e-01,-3.054824579444357369e-01,-2.929962045191842890e-01,-2.796207010445073138e-01,-2.655807641615695047e-01,-2.510848866669732615e-01,-2.363283856417268680e-01,-2.214890053564744221e-01,-2.067314586259669795e-01,-1.922034411238797702e-01,-1.780408204003123274e-01,-1.643630181748392260e-01,-1.512795322971527412e-01,-1.388853022014586713e-01,-1.272659594600611399e-01,-1.164950801788222634e-01,-1.066386804928356469e-01,-9.775161913239571732e-02,-8.988278886494072140e-02,-8.307230394585474187e-02,-7.735436074725043909e-02,-7.275549608850440109e-02,-6.929809144995147108e-02,-6.699735649542049032e-02,-6.586384889718033264e-02,-6.590233190038929934e-02,-6.711367169933168952e-02,-6.949181944847282466e-02,-7.302668173970516818e-02,-7.770214561089971994e-02,-8.349751892231438433e-02,-9.038419138165920685e-02,-9.832883626893362816e-02,-1.072902943373890139e-01,-1.172212155006207013e-01,-1.280638830437226261e-01,-1.397539234259568275e-01,-1.522158769922441479e-01,-1.653657880127354929e-01,-1.791056354337854373e-01,-1.933277935611528164e-01,-2.079099466064491253e-01,-2.227181603870747040e-01,-2.376015271047435817e-01,-2.523958853132057811e-01,-2.669210890984032858e-01,-2.809830786531222202e-01,-2.943714285271141762e-01,-3.068598353505365139e-01,-3.182080762076111569e-01,-3.281623129576303199e-01,-3.364597795341666142e-01,-3.428265012269520184e-01,-3.469837630918846116e-01,-3.486461511384106871e-01,-3.475301746154002558e-01,-3.433530346192839033e-01,-3.358402237095816645e-01,-3.247252305640984105e-01,-3.097558373258806341e-01,-2.906975050189828380e-01,-2.673392089777735237e-01,-2.394997540722840768e-01,-2.070314485425228668e-01,-1.698273669468903790e-01,-1.278243546389745688e-01,-8.101143152941858716e-02,-2.943383098843810330e-02,2.679789627637774174e-02,8.750215419246387683e-02,1.524177418855146016e-01,2.211978898775583957e-01,2.934039411791076191e-01,3.685013542379067530e-01,4.458573116184538776e-01,5.247415142967781776e-01,6.043285561098770131e-01,6.837059726568099904e-01,7.618830831948173454e-01,8.378080088173192053e-01,9.103851474164059709e-01,9.785002374235176603e-01,1.041048145401731517e+00,1.096963469361185162e+00,1.145253859770889449e+00,1.185032064473773517e+00,1.215544711113935250e+00,1.236199330394214257e+00,1.246588219674734432e+00
1.235697591319635080e+00,1.224970788684174750e+00,1.203800714775894676e+00,1.172598363297836954e+00,1.131961355160555627e+00,1.082651833708183631e+00,1.025574708005407842e+00,9.617422135686695128e-01,8.922455108900919640e-01,8.182209814812182458e-01,7.408172548089737575e-01,6.611684985503814005e-01,5.803662401056328690e-01,4.994397128996155288e-01,4.193379019012297704e-01,3.409159236827576933e-01,2.649317519135081511e-01,1.920404555449266581e-01,1.227953866747668599e-01,5.764694631376698908e-02,-3.048525078241937081e-03,-5.902713512473667379e-02,-1.101074999956779266e-01,-1.561865972407758818e-01,-1.972298506365746107e-01,-2.332658732985493089e-01,-2.643779495774225552e-01,-2.906975050189828380e-01,-3.123979077409728689e-01,-3.296866698052411948e-01,-3.428020246378906677e-01,-3.520034599508221618e-01,-3.575710932410771647e-01,-3.597950856268994357e-01,-3.589766882947458271e-01,-3.554183444296086236e-01,-3.494245438484142596e-01,-3.412943921764792776e-01,-3.313209363890621262e-01,-3.197872774246235394e-01,-3.069641026913814130e-01,-2.931092687362593097e-01,-2.784639411830625022e-01,-2.632552747273990690e-01,-2.476911998552964178e-01,-2.319656168380248573e-01,-2.162530232878481229e-01,-2.007139861751880971e-01,-1.854912678933544612e-01,-1.707149463524615385e-01,-1.564987505141886004e-01,-1.429456295488762407e-01,-1.301448519322150332e-01,-1.181755354512574741e-01,-1.071060335411146980e-01,-9.699644880252833445e-02,-8.789727849955397687e-02,-7.985231635780110082e-02,-7.289834386683935463e-02,-6.706559697752823013e-02,-6.237831909901103700e-02,-5.885599323323731369e-02,-5.651277255697095825e-02,-5.535745587496876396e-02,-5.539476268104692736e-02,-5.662496637600611393e-02,-5.904321483251351310e-02,-6.263987295513118170e-02,-6.740102405325387736e-02,-7.330771299558591636e-02,-8.033469072117327414e-02,-8.845140165060172421e-02,-9.762098392732809771e-02,-1.078001552744467517e-01,-1.189365129084194450e-01,-1.309706224356830262e-01,-1.438329442171522032e-01,-1.574453352461517852e-01,-1.717161567415388390e-01,-1.865439091870939592e-01,-2.018123023127458282e-01,-2.173933229184115135e-01,-2.331408749392096524e-01,-2.488953282635009145e-01,-2.644790380457067158e-01,-2.797005828278145145e-01,-2.943495136924667577e-01,-3.081991261278176353e-01,-3.210049058055517435e-01,-3.325074372808671797e-01,-3.424345165557269866e-01,-3.505012539779102099e-01,-3.564148209549244939e-01,-3.598737160703677773e-01,-3.605759429469657107e-01,-3.582180760331397096e-01,-3.525038971752678663e-01,-3.431434985651975467e-01,-3.298612079794622787e-01,-3.123979077409728689e-01,-2.905186679553253271e-01,-2.640184559614908721e-01,-2.327275473288352714e-01,-1.965188892518199282e-01,-1.553121527997944895e-01,-1.090825729337154826e-01,-5.786533103352553553e-02,-1.765234721389674633e-03,5.903744932111010257e-02,1.242777976797384554e-01,1.936001865907428510e-01,2.665516107543055568e-01,3.425777062326602618e-01,4.210205778655335962e-01,5.011201393587469965e-01,5.820174513703477714e-01,6.627639808614986805e-01,7.423319661026823724e-01,8.196328465895845738e-01,8.935364116899791043e-01,9.628969331045453828e-01,1.026582357090887854e+00,1.083505353704310892e+00,1.132656690564999735e+00,1.173136681076414334e+00,1.204183400861921882e+00,1.225199074907550312e+00,1.235773321533883973e+00
1.222068729069235360e+00,1.211235303564492938e+00,1.189841067261554031e+00,1.158295312574921354e+00,1.117194348317212871e+00,1.067301531039930751e+00,1.009526311451395486e+00,9.448899085670063869e-01,8.744981137254796977e-01,7.995072280307624624e-01,7.210909711195512273e-01,6.404127844019882332e-01,5.585958810278270903e-01,4.767025382364948882e-01,3.957140409940365089e-01,3.165177048168743568e-01,2.399017834696905993e-01,1.665462787046863014e-01,9.702453971983970860e-02,3.180234871686593578e-02,-2.875420246755311382e-02,-8.437725280313657095e-02,-1.348867111029790067e-01,-1.801857618485485091e-01,-2.202506889551330005e-01,-2.551246243769895727e-01,-2.849090844967889780e-01,-3.097558373258806341e-01,-3.298612079794622787e-01,-3.454562950541344435e-01,-3.568042319575255306e-01,-3.641889082209530670e-01,-3.679145953083775566e-01,-3.682945442394611746e-01,-3.656511254271492817e-01,-3.603067356151257172e-01,-3.525825388138628114e-01,-3.427931157094405989e-01,-3.312429850542741860e-01,-3.182254634201342469e-01,-3.040174919121909625e-01,-2.888818783040676408e-01,-2.730614048341664102e-01,-2.567835019333131186e-01,-2.402541093787817772e-01,-2.236637210809959697e-01,-2.071823945818778157e-01,-1.909648306649387450e-01,-1.751479634368138250e-01,-1.598547262088345633e-01,-1.451925861441054622e-01,-1.312569686916447154e-01,-1.181311618887264103e-01,-1.058871223105910531e-01,-9.458786851152467534e-02,-8.428718638697318966e-02,-7.503122357036318135e-02,-6.685845545905522158e-02,-5.980239312420110309e-02,-5.388919413482540222e-02,-4.914090688052397127e-02,-4.557405366320210760e-02,-4.320180511977866900e-02,-4.203116708333709539e-02,-4.206687143732779077e-02,-4.330853810463963782e-02,-4.575256859291698674e-02,-4.938971518234325231e-02,-5.420835889665909235e-02,-6.019110584273335007e-02,-6.731632539670329152e-02,-7.555603320324166816e-02,-8.487808289744691592e-02,-9.524297531686443108e-02,-1.066041976854137374e-01,-1.189071213154875295e-01,-1.320888384110787683e-01,-1.460769895158335885e-01,-1.607870827752293508e-01,-1.761239662194640232e-01,-1.919786115856965125e-01,-2.082296164218178092e-01,-2.247374856241606267e-01,-2.413481384721620771e-01,-2.578883309095516552e-01,-2.741703372021930818e-01,-2.899856589947518160e-01,-3.051085838906004710e-01,-3.192924200605489204e-01,-3.322739168838779733e-01,-3.437732376754780717e-01,-3.534962322378731869e-01,-3.611373305648442056e-01,-3.663803430727483601e-01,-3.689057220055786956e-01,-3.683903402645398728e-01,-3.645166613854655679e-01,-3.569716984087420997e-01,-3.454562950541344435e-01,-3.296866698052411948e-01,-3.094038012370390334e-01,-2.843784608897408361e-01,-2.544185333098880619e-01,-2.193763028612352173e-01,-1.791538774147909407e-01,-1.337122940800838933e-01,-8.307651085213763054e-02,-2.734550965544713108e-02,3.330170374810847989e-02,9.859637529343956430e-02,1.681739830342934283e-01,2.415672954437582121e-01,3.182025920240221240e-01,3.973977860526076711e-01,4.783644636621602331e-01,5.602122708539809537e-01,6.419595183437110109e-01,7.225452037753115064e-01,8.008489143453800807e-01,8.757116948008558666e-01,9.459631459154422828e-01,1.010451822713122283e+00,1.068076399906260576e+00,1.117818682393760810e+00,1.158774052373956920e+00,1.190178812878770032e+00,1.211435469335924608e+00,1.222134834129931846e+00
1.205814758537712805e+00,1.194934661070419679e+00,1.173433042498700729e+00,1.141713895622075370e+00,1.100367210275891239e+00,1.050151345929435820e+00,9.919731910336935243e-01,9.268554445415304599e-01,8.559109121177783663e-01,7.803084310975094695e-01,7.012399570632510404e-01,6.198919607763855311e-01,5.374143883680915224e-01,4.548982046968319537e-01,3.733551699713757444e-01,2.937035642369494326e-01,2.167596715515998085e-01,1.432269612066363607e-01,7.369881925644961029e-02,8.656139860079292703e-03,-5.152566293530469466e-02,-1.065748007228251026e-01,-1.563125839172414544e-01,-2.006484561135835065e-01,-2.395697588411991319e-01,-2.731342575652888627e-01,-3.014619718123441316e-01,-3.247252305640984105e-01,-3.431434985651975467e-01,-3.569716984087420997e-01,-3.664977464523104800e-01,-3.720300149534097045e-01,-3.738963821920435748e-01,-3.724328557503895354e-01,-3.679819242262851731e-01,-3.608850635897340453e-01,-3.514786284804358729e-01,-3.400912811564893445e-01,-3.270373499388341543e-01,-3.126184615825735591e-01,-2.971162118509766970e-01,-2.807961277503068231e-01,-2.639012916091871830e-01,-2.466571698813453395e-01,-2.292666986858051814e-01,-2.119150093759287756e-01,-1.947669514073027131e-01,-1.779698247120791166e-01,-1.616541139917018199e-01,-1.459345684085349149e-01,-1.309118673098197405e-01,-1.166733769668155674e-01,-1.032959963195025921e-01,-9.084442812702775427e-02,-7.937603557235206608e-02,-6.893850574914495155e-02,-5.957337229300208037e-02,-5.131422197646884342e-02,-4.419103559968107220e-02,-3.822640662787080146e-02,-3.343991279527358529e-02,-2.984563876280788008e-02,-2.745543482529910762e-02,-2.627501133260068400e-02,-2.630873463415639435e-02,-2.755597906610773862e-02,-3.001394492613940201e-02,-3.367415026568210124e-02,-3.852676340505922781e-02,-4.455628062692085223e-02,-5.174412526429250647e-02,-6.006523440696298621e-02,-6.949167356839325294e-02,-7.998799050471916416e-02,-9.151329420335230225e-02,-1.040179359995789810e-01,-1.174458277693304353e-01,-1.317304917209298765e-01,-1.467951871836561395e-01,-1.625512457369495678e-01,-1.788978436673005490e-01,-1.957206412559457931e-01,-2.128880554201231234e-01,-2.302521845678597856e-01,-2.476456393605701578e-01,-2.648852807558341738e-01,-2.817661614510171830e-01,-2.980653392603898055e-01,-3.135359804926167726e-01,-3.279133224933872270e-01,-3.409118180038888113e-01,-3.522301379080943207e-01,-3.615512646832996779e-01,-3.685459858575654835e-01,-3.728780074717406023e-01,-3.742057381812884387e-01,-3.721907761934346581e-01,-3.664977464523104800e-01,-3.568042319575255306e-01,-3.428020246378906677e-01,-3.242081141521708787e-01,-3.007689618964946021e-01,-2.722699472823535416e-01,-2.385423188324864441e-01,-1.994703691504469134e-01,-1.550005739135542626e-01,-1.051475193901012517e-01,-5.000424834244654448e-02,1.025146181791569688e-02,7.534697745697371829e-02,1.449088898004902148e-01,2.184559304287461146e-01,2.953955735482907130e-01,3.750225468047716504e-01,4.565217317526446550e-01,5.389736680659211743e-01,6.213666178375376603e-01,7.026103358050193037e-01,7.815574852062212585e-01,8.570262237416272910e-01,9.278281611754550795e-01,9.927997227550520165e-01,1.050833130601560583e+00,1.100908649431673325e+00,1.142123715500048320e+00,1.173719094499062976e+00,1.195102663029487644e+00,1.205869903290420098e+00
1.187151498102849700e+00,1.176280792606831938e+00,1.154781181746812990e+00,1.123048204394578420e+00,1.081661098962371170e+00,1.031367647788158592e+00,9.730656975330020941e-01,9.077724636512130019e-01,8.366005446110307275e-01,7.607241656952368203e-01,6.813468868699885661e-01,5.996721023138036344e-01,5.168716320653885532e-01,4.340615838102053203e-01,3.522820285900252202e-01,2.724795585081523086e-01,1.954957599194671047e-01,1.220568626638680598e-01,5.277595788307110070e-02,-1.185174106829833818e-02,-7.144178144534407693e-02,-1.257184148857248829e-01,-1.745044621577704902e-01,-2.177156196836165236e-01,-2.553504007030085177e-01,-2.874812597391098734e-01,-3.142468731868746090e-01,-3.358402237095816645e-01,-3.525038971752678663e-01,-3.645166613854655679e-01,-3.721907761934346581e-01,-3.758589234780913557e-01,-3.758716304660083551e-01,-3.725871321900058319e-01,-3.663666931951041761e-01,-3.575697636231893739e-01,-3.465463978221094976e-01,-3.336375232292709825e-01,-3.191658291672894165e-01,-3.034390596126286255e-01,-2.867419535888870996e-01,-2.693405313213617092e-01,-2.514766968405837133e-01,-2.333719481210465574e-01,-2.152249320932497767e-01,-1.972138767350628541e-01,-1.794973989178032525e-01,-1.622144318451432810e-01,-1.454883227046366301e-01,-1.294251817159590701e-01,-1.141184920983988604e-01,-9.964752121234710103e-02,-8.608252966453733279e-02,-7.348120527558421600e-02,-6.189512982092537641e-02,-5.136631990950490945e-02,-4.193159696396264735e-02,-3.362018389924514850e-02,-2.645842582995783232e-02,-2.046591789171259279e-02,-1.565962951211474774e-02,-1.205173675300841296e-02,-9.652531829260624363e-03,-8.466903986715124120e-03,-8.498542733093472634e-03,-9.746924655885891298e-03,-1.220963166424837709e-02,-1.587918827685541601e-02,-2.074711274950402640e-02,-2.679983826831744409e-02,-3.402136109193065749e-02,-4.238958159018579863e-02,-5.188035303612537064e-02,-6.246236963249884866e-02,-7.409979671997746209e-02,-8.674831100215385504e-02,-1.003582072580684326e-01,-1.148694606696949450e-01,-1.302128097265864426e-01,-1.463063684506238360e-01,-1.630574977689320804e-01,-1.803592293130407143e-01,-1.980886863441355672e-01,-2.161050941339937026e-01,-2.342483274415059213e-01,-2.523408633501986742e-01,-2.701831420534404060e-01,-2.875559824768743056e-01,-3.042146985516183122e-01,-3.198944160104133516e-01,-3.343061598390733025e-01,-3.471430787702729504e-01,-3.580786138758469406e-01,-3.667722761539096155e-01,-3.728725338051503968e-01,-3.760208354026275401e-01,-3.758589234780913557e-01,-3.720300149534097045e-01,-3.641889082209530670e-01,-3.520034599508221618e-01,-3.351668274696351091e-01,-3.134012652044759761e-01,-2.864696018553729573e-01,-2.541818652722582783e-01,-2.164043787543192821e-01,-1.730687903064449529e-01,-1.241792230859175561e-01,-6.982266388762070619e-02,-1.017568437465854458e-02,5.448522087993978857e-02,1.237778330925323189e-01,1.972071348465789242e-01,2.741624543586169693e-01,3.539164793248659180e-01,4.356291810695722688e-01,5.183544920283367219e-01,6.010539179012539535e-01,6.826121093338173296e-01,7.618597905555191119e-01,8.375980364799602285e-01,9.086269414901124719e-01,9.737777212421150352e-01,1.031943187263138384e+00,1.082108917415681049e+00,1.123380756819045700e+00,1.155009558160088545e+00,1.176413074430811889e+00,1.187194518102444363e+00
1.166308759900957170e+00,1.155499149939871018e+00,1.134102672023544756e+00,1.102503715819011632e+00,1.061266943915228467e+00,1.011124644834268338e+00,9.529598210584708795e-01,8.877778259608533062e-01,8.166843541342245771e-01,7.408522694183830026e-01,6.614903678438253110e-01,5.798135050436883375e-01,4.970103848172016114e-01,4.142192977320178215e-01,3.325051539033552217e-01,2.528391926823019276e-01,1.760862826390763303e-01,1.029948986418958157e-01,3.419665339515631786e-02,-2.979965104638893081e-02,-8.860059319067659089e-02,-1.419264776208137846e-01,-1.896017405619261353e-01,-2.315482534600334930e-01,-2.677757638186619715e-01,-2.983714495767202379e-01,-3.234926300568048418e-01,-3.433530346192839033e-01,-3.582180760331397096e-01,-3.683903402645398728e-01,-3.742057381812884387e-01,-3.760208354026275401e-01,-3.742077358104438645e-01,-3.691458469397730369e-01,-3.612138312438446519e-01,-3.507873466801356699e-01,-3.382286996175594140e-01,-3.238886679719996664e-01,-3.080968367860634771e-01,-2.911644717261197002e-01,-2.733781731240867430e-01,-2.550020634801200003e-01,-2.362757613200869855e-01,-2.174149989273246319e-01,-1.986131139772169263e-01,-1.800403186049663873e-01,-1.618480304218792298e-01,-1.441663496569844938e-01,-1.271105818653666120e-01,-1.107783124595442814e-01,-9.525515218612667923e-02,-8.061283069515923216e-02,-6.691453790151058456e-02,-5.421176957324291834e-02,-4.255006442210174100e-02,-3.196665234152362700e-02,-2.249351467726512510e-02,-1.415638730293267145e-02,-6.977877556778366852e-03,-9.753059786987705593e-04,3.837068316684622005e-03,7.448350712621731873e-03,9.849972485952207535e-03,1.103742461671686215e-02,1.100794947738847895e-02,9.761640730772569441e-03,7.300939986095045242e-03,3.632096573355170221e-03,-1.237188538851796693e-03,-7.295481348762677953e-03,-1.452864011827159629e-02,-2.291757826901630324e-02,-3.244126546314873849e-02,-4.307245087522915128e-02,-5.477984757897047530e-02,-6.752412726292789102e-02,-8.126165555458442213e-02,-9.593873688078247142e-02,-1.114934084413334858e-01,-1.278507132079482744e-01,-1.449262437213292287e-01,-1.626207603206921704e-01,-1.808208443760719319e-01,-1.993933036916359924e-01,-2.181865031816698774e-01,-2.370288095060573141e-01,-2.557273386683220906e-01,-2.740674833263199162e-01,-2.918086311985490511e-01,-3.086877037562061332e-01,-3.244146296911196714e-01,-3.386793391419331556e-01,-3.511478472380673566e-01,-3.614703441677136198e-01,-3.692815843295136347e-01,-3.742077358104438645e-01,-3.758716304660083551e-01,-3.738963821920435748e-01,-3.679145953083775566e-01,-3.575710932410771647e-01,-3.425356060019737470e-01,-3.225066168238157616e-01,-2.972246471396431389e-01,-2.664785482194673705e-01,-2.301167127849907956e-01,-1.880557858019216155e-01,-1.402893907383599981e-01,-8.689830997252556699e-02,-2.805787802313375323e-02,3.595167548328959128e-02,1.047395143368134995e-01,1.777972991094856070e-01,2.544970142764526599e-01,3.340906087113779677e-01,4.157151104803915587e-01,4.984005175219294870e-01,5.810850365167112841e-01,6.626324496594406810e-01,7.418565496832627559e-01,8.175470036783281103e-01,8.884986117776492165e-01,9.535438600351113791e-01,1.011582645311818851e+00,1.061612050247148886e+00,1.102752019063188982e+00,1.134268425027613603e+00,1.155592804038462873e+00,1.166338709150835484e+00
1.143526064242948337e+00,1.132824626979186178e+00,1.111623584194120440e+00,1.080293934397133171e+00,1.039382546175517064e+00,9.896019662094062141e-01,9.318152610350409759e-01,8.670102323823698498e-01,7.962795394297899065e-01,7.207885358994587932e-01,6.417453461735078690e-01,5.603713811547947898e-01,4.778673980843564095e-01,3.953901193952447102e-01,3.140248383319601544e-01,2.347640930569525608e-01,1.584947424424285600e-01,8.598619481644220741e-02,1.788701884143506504e-02,-4.528073272236099456e-02,-1.031148690579470895e-01,-1.553319566975375210e-01,-2.017581578802207787e-01,-2.423215276213710467e-01,-2.770430995018671183e-01,-3.060247699050790970e-01,-3.294423399519530449e-01,-3.475301746154002558e-01,-3.605759429469657107e-01,-3.689057220055786956e-01,-3.728780074717406023e-01,-3.728725338051503968e-01,-3.692815843295136347e-01,-3.625043631487017137e-01,-3.529355140744883101e-01,-3.409647755045028816e-01,-3.269652921291879011e-01,-3.112952633448173856e-01,-2.942895176701512128e-01,-2.762605478351929378e-01,-2.574949779695998586e-01,-2.382531756290404701e-01,-2.187707748507818906e-01,-1.992565092391345161e-01,-1.798969944286170630e-01,-1.608539518077236607e-01,-1.422706030676579303e-01,-1.242683113151628049e-01,-1.069537970313803044e-01,-9.041658610406955177e-02,-7.473410356537613097e-02,-5.997121084821799286e-02,-4.618394125360225644e-02,-3.341834138031174462e-02,-2.171400181384797179e-02,-1.110411759204055215e-02,-1.615995189709451552e-03,6.727423384532471573e-03,1.390706206456115979e-02,1.990724573300894917e-02,2.471628468617836916e-02,2.832408983347534104e-02,3.072381662914835943e-02,3.191094047053866234e-02,3.188373144277534266e-02,3.064162476275100744e-02,2.818738406924126139e-02,2.452596958663377791e-02,1.966468420739886369e-02,1.361287763231189274e-02,6.383510850312745788e-03,-2.007260848273517695e-03,-1.154055483985416686e-02,-2.219335980892367388e-02,-3.393772906480307938e-02,-4.673952318754004409e-02,-6.055992187951630967e-02,-7.535189033191613817e-02,-9.106037304989911263e-02,-1.076177281160255461e-01,-1.249472703988203648e-01,-1.429576952975537552e-01,-1.615445095761316452e-01,-1.805827378728110943e-01,-1.999296322981223284e-01,-2.194205321879678650e-01,-2.388702401648430396e-01,-2.580700215300737455e-01,-2.767850821926316485e-01,-2.947553755370222461e-01,-3.116923476263764314e-01,-3.272840097038738350e-01,-3.411913982687053704e-01,-3.530571304034140212e-01,-3.625043631487017137e-01,-3.691458469397730369e-01,-3.725871321900058319e-01,-3.724328557503895354e-01,-3.682945442394611746e-01,-3.597950856268994357e-01,-3.465814374577860235e-01,-3.283289142604530753e-01,-3.047560599858627484e-01,-2.756307839106284518e-01,-2.407836431418388656e-01,-2.001162389529014263e-01,-1.536116921986376838e-01,-1.013444555104285882e-01,-4.348856940112000302e-02,1.967220831998872654e-02,8.773871346909345448e-02,1.601898562455659203e-01,2.363812204992967736e-01,3.155454818854650512e-01,3.967988497080341403e-01,4.791502234664619664e-01,5.615180924190497080e-01,6.427496802681673671e-01,7.216468118321017755e-01,7.969932643580506237e-01,8.675844223649278319e-01,9.322600590680707455e-01,9.899330259819834055e-01,1.039617432608892500e+00,1.080452285420221870e+00,1.111722718808067611e+00,1.132877332293745098e+00,1.143542193032914156e+00
1.119048469170650151e+00,1.108497443252815629e+00,1.087574918127046431e+00,1.056636711409964846e+00,1.016209252098661864e+00,9.669818063942017261e-01,9.097931093466229413e-01,8.456084940257682092e-01,7.755020666518532835e-01,7.006263586172281066e-01,6.221835318328885478e-01,5.413963396551935148e-01,4.594732469453504109e-01,3.775843074692772916e-01,2.968308522291351892e-01,2.182243752779982060e-01,1.426721379316973071e-01,7.096228405873716838e-02,3.759159541473877653e-03,-5.840219864150242302e-02,-1.151114373141979286e-01,-1.660816436064038726e-01,-2.111408723653198649e-01,-2.502234479821936475e-01,-2.833616505975271593e-01,-3.106720932086233233e-01,-3.323486453988522271e-01,-3.486461511384106871e-01,-3.598737160703677773e-01,-3.663803430727483601e-01,-3.685459858575654835e-01,-3.667722761539096155e-01,-3.614703441677136198e-01,-3.530571304034140212e-01,-3.419417080425830591e-01,-3.285253668522472026e-01,-3.131902551325538298e-01,-2.962995196657374208e-01,-2.781914843722290698e-01,-2.591775721579949732e-01,-2.395429170954344045e-01,-2.195426058968337202e-01,-1.994067969054924561e-01,-1.793365343750110696e-01,-1.595103709478564724e-01,-1.400814232584082220e-01,-1.211836346314498769e-01,-1.029299618879235823e-01,-8.541800337113159003e-02,-6.872981929029720050e-02,-5.293474996557279155e-02,-3.809150687484930131e-02,-2.424935191206145646e-02,-1.144952154378131581e-02,2.737280365749938937e-04,1.089069466397063479e-02,2.037809134242252185e-02,2.871537578900529297e-02,3.588636849022464048e-02,4.187683826890520322e-02,4.667706192390141950e-02,5.027768164227097714e-02,5.267302622809211243e-02,5.385876296102765082e-02,5.383378359502444255e-02,5.259717400380736763e-02,5.015175204648869567e-02,4.650160146890414126e-02,4.165366308752993518e-02,3.561570465858210355e-02,2.839965869856087011e-02,2.001937950967658253e-02,1.049188090865982304e-02,-1.633489693801948306e-04,-1.192119489959964085e-02,-2.475222698596724058e-02,-3.862157422332757051e-02,-5.348875417462295445e-02,-6.930434212611658040e-02,-8.600827985539183373e-02,-1.035306090072793950e-01,-1.217882111488961527e-01,-1.406852802533364866e-01,-1.601060944236678552e-01,-1.799168764201226622e-01,-1.999609410770801787e-01,-2.200613028391416037e-01,-2.400152954493535162e-01,-2.595953224056160025e-01,-2.785455840123347571e-01,-2.965810316644876821e-01,-3.133900085532843605e-01,-3.286311330614068993e-01,-3.419417080425830591e-01,-3.529355140744883101e-01,-3.612138312438446519e-01,-3.663666931951041761e-01,-3.679819242262851731e-01,-3.656511254271492817e-01,-3.589766882947458271e-01,-3.475835582388526745e-01,-3.311249267197666768e-01,-3.092979287756918438e-01,-2.818500883251431333e-01,-2.485944415078051861e-01,-2.094176608415239116e-01,-1.642924581481111090e-01,-1.132868247470639744e-01,-5.657341043692554194e-02,5.560823478177212564e-03,7.270880969345228095e-02,1.443374528694505443e-01,2.197870519123057420e-01,2.982726421610095713e-01,3.788918990496057404e-01,4.606355825003731752e-01,5.424061495024261603e-01,6.230385757419298898e-01,7.013276125391314508e-01,7.760564159040228560e-01,8.460264750337529449e-01,9.100903207801565031e-01,9.671790070869690226e-01,1.016328475319227209e+00,1.056701042158110226e+00,1.087604640363394992e+00,1.108507604849549466e+00,1.119050272935481871e+00
1.093123094517395089e+00,1.082759818658971085e+00,1.062189533437887690e+00,1.031751481691259187e+00,9.919496046041587078e-01,9.434469840022927656e-01,8.870544282972048222e-01,8.237105608866670536e-01,7.544663893785639175e-01,6.804567722085721471e-01,6.028732781790893114e-01,5.229342994519043941e-01,4.418516570117105857e-01,3.608034236266206563e-01,2.809035996515945044e-01,2.031805324501192445e-01,1.285592576976597456e-01,5.784441484445324022e-02,-8.284678152008950747e-03,-6.928087038721741919e-02,-1.247265216481565631e-01,-1.743315761563337674e-01,-2.179262437519469131e-01,-2.554512438755978110e-01,-2.869499285247485432e-01,-3.125534544896595435e-01,-3.324731153334141709e-01,-3.469837630918846116e-01,-3.564148209549244939e-01,-3.611373305648442056e-01,-3.615512646832996779e-01,-3.580786138758469406e-01,-3.511478472380673566e-01,-3.411913982687053704e-01,-3.286311330614068993e-01,-3.138773864501018807e-01,-2.973193255849082561e-01,-2.793228295238634473e-01,-2.602272407742560745e-01,-2.403414433514257098e-01,-2.199467418450780087e-01,-1.992919997814368571e-01,-1.786001127651104525e-01,-1.580642030236276696e-01,-1.378536228843074696e-01,-1.181131538660906699e-01,-9.896711622020859522e-02,-8.052051211302568845e-02,-6.286186280195238396e-02,-4.606634181368463032e-02,-3.019547823910784246e-02,-1.530238783362847244e-02,-1.430244015281800785e-03,1.138401253838594585e-02,2.311062514296224890e-02,3.372303427843803547e-02,4.320098170865094289e-02,5.152607555949373364e-02,5.868407151410792721e-02,6.466215751780168830e-02,6.945178989738565178e-02,7.304438753368458492e-02,7.543485637657454390e-02,7.661921484290701301e-02,7.659657394835051036e-02,7.536596054518440724e-02,7.292995152067760500e-02,6.929240300937067332e-02,6.445967188852819163e-02,5.843858007774827001e-02,5.123987912605798556e-02,4.287608115512853146e-02,3.336260364187637606e-02,2.271629816473819119e-02,1.095947936445895721e-02,-1.881927711622211064e-03,-1.577645048681119988e-02,-3.068871843913711928e-02,-4.657465413644956698e-02,-6.338133180391025689e-02,-8.104536915131177466e-02,-9.949198245925572337e-02,-1.186333384613789121e-01,-1.383629510503112670e-01,-1.585559842834811661e-01,-1.790640219603432115e-01,-1.997184876002791043e-01,-2.203241903471564456e-01,-2.406614021014092941e-01,-2.604801177840272430e-01,-2.795008601160162698e-01,-2.974136660166095680e-01,-3.138773864501018807e-01,-3.285253668522472026e-01,-3.409647755045028816e-01,-3.507873466801356699e-01,-3.575697636231893739e-01,-3.608850635897340453e-01,-3.603067356151257172e-01,-3.554183444296086236e-01,-3.458239754219789575e-01,-3.311559216399189154e-01,-3.110906494269016775e-01,-2.853559862188603802e-01,-2.537478194402922327e-01,-2.161381375448740982e-01,-1.724893447545809977e-01,-1.228628924248766907e-01,-6.742990218653233114e-02,-6.480155247842844801e-03,5.957190465299788684e-02,1.301820675883078593e-01,2.046766025851098902e-01,2.822546986816689696e-01,3.619978974368223135e-01,4.428818913119414447e-01,5.237968200492844062e-01,6.035697105124882000e-01,6.809929763450384144e-01,7.548541703724822582e-01,8.239659680998698832e-01,8.871985941425037936e-01,9.435058932039339652e-01,9.919497429615091733e-01,1.031719311688334528e+00,1.062148175782766657e+00,1.082726518332705723e+00,1.093110284642335728e+00
1.065995758939749294e+00,1.055852656726031569e+00,1.035698946679318055e+00,1.005856310029912493e+00,9.668047510515123122e-01,9.191787692045636504e-01,8.637585162930605520e-01,8.014524083368286256e-01,7.332846488484392466e-01,6.603679060515048604e-01,5.838785302152018630e-01,5.050254729445242674e-01,4.250189629404133029e-01,3.450408707989822688e-01,2.662152023332566841e-01,1.895841882971183168e-01,1.160874018981701283e-01,4.654434580317001746e-02,-1.835189448485152752e-02,-7.804348338582656197e-02,-1.321062904417829031e-01,-1.802475328860424497e-01,-2.222998369404791674e-01,-2.582103969372724350e-01,-2.880332624654187157e-01,-3.119139259934371466e-01,-3.300802637005233464e-01,-3.428265012269520184e-01,-3.505012539779102099e-01,-3.534962322378731869e-01,-3.522301379080943207e-01,-3.471430787702729504e-01,-3.386793391419331556e-01,-3.272840097038738350e-01,-3.133900085532843605e-01,-2.974136660166095680e-01,-2.797494936274489419e-01,-2.607633496064352130e-01,-2.407940097623253450e-01,-2.201462492976844487e-01,-1.990957298723969870e-01,-1.778845860239073318e-01,-1.567269779866933277e-01,-1.358079210532707748e-01,-1.152867022203309944e-01,-9.529977412253742841e-02,-7.596178940281106406e-02,-5.736992445891075931e-02,-3.960461430995110277e-02,-2.273431827291005902e-02,-6.814067944091561913e-03,8.108456097886573843e-03,2.199487748009687493e-02,3.481245913170027961e-02,4.653463746473107676e-02,5.713773275792277673e-02,6.660355414445007227e-02,7.491571197583368757e-02,8.206103317802160291e-02,8.802784856882794884e-02,9.280808761427294939e-02,9.639403576028371390e-02,9.878054004354908102e-02,9.996418461001610467e-02,9.994380825426674164e-02,9.871877094113301609e-02,9.629119674764297088e-02,9.266496877320662406e-02,8.784597163584351165e-02,8.184068440340297457e-02,7.465891031733917771e-02,6.631227952804863435e-02,5.681499645601206794e-02,4.618211846221242922e-02,3.443375273049298357e-02,2.159299637087030987e-02,7.688438161579824737e-03,-7.248704054390486817e-03,-2.317923137410105028e-02,-4.005639970198160427e-02,-5.782256616109293645e-02,-7.641045271842017428e-02,-9.573957918027531377e-02,-1.157128217740535092e-01,-1.362140144566836852e-01,-1.571045571600109270e-01,-1.782239277684993795e-01,-1.993852924326517950e-01,-2.203770823844166671e-01,-2.409557211656760956e-01,-2.608487285436211778e-01,-2.797494936274489419e-01,-2.973193255849082561e-01,-3.131902551325538298e-01,-3.269652921291879011e-01,-3.382286996175594140e-01,-3.465463978221094976e-01,-3.514786284804358729e-01,-3.525825388138628114e-01,-3.494245438484142596e-01,-3.415892276825900353e-01,-3.286894914711524507e-01,-3.103820574181241909e-01,-2.863761183830462187e-01,-2.564509859206367537e-01,-2.204644488981273298e-01,-1.783688275050820948e-01,-1.302190026764833419e-01,-7.618442135967029571e-02,-1.655720593257115070e-02,4.824146966177522700e-02,1.176573381694367981e-01,1.910040614288561756e-01,2.674669235371709419e-01,3.461138617607986134e-01,4.259086232670057370e-01,5.057327714305870359e-01,5.844095723335556158e-01,6.607336719226850619e-01,7.335016915550625072e-01,8.015421384418601747e-01,8.637472921371340817e-01,9.190977252192027436e-01,9.666846854033792624e-01,1.005727025251587747e+00,1.035586194413880889e+00,1.055775774758359375e+00,1.065968316884493561e+00
1.037908418333245208e+00,1.028013088206435555e+00,1.008331084432114721e+00,9.791659254834854664e-01,9.409726431528753210e-01,8.943555547824928453e-01,8.400618685915048900e-01,7.789672517829586695e-01,7.120657799559637624e-01,6.404440646653029034e-01,5.652582131882581962e-01,4.877039476057518641e-01,4.089850786368174340e-01,3.302840748648350200e-01,2.527317992065718499e-01,1.773805108607007242e-01,1.051814884635859926e-01,3.696754209441621697e-02,-2.655651342743681198e-02,-8.482361047990139014e-02,-1.374038180025536349e-01,-1.840022030368544392e-01,-2.244539682612582965e-01,-2.587127442428567292e-01,-2.868427792346039951e-01,-3.090034661473737287e-01,-3.254382388878838128e-01,-3.364597795341666142e-01,-3.424345165557269866e-01,-3.437732376754780717e-01,-3.409118180038888113e-01,-3.343061598390733025e-01,-3.244146296911196714e-01,-3.116923476263764314e-01,-2.965810316644876821e-01,-2.795008601160162698e-01,-2.608487285436211778e-01,-2.409890800500846808e-01,-2.202574963604604363e-01,-1.989534297277373298e-01,-1.773451898011728645e-01,-1.556676339821478905e-01,-1.341253421131511914e-01,-1.128951526958559270e-01,-9.212646812221692016e-02,-7.194738043294535146e-02,-5.246356376495953100e-02,-3.376453681477187274e-02,-1.592325587127163544e-02,9.981783664443355519e-04,1.695025802521854530e-02,3.189024653225658312e-02,4.578345926297799906e-02,5.860078980668959048e-02,7.031783354432263877e-02,8.091339347258497128e-02,9.037021863376537567e-02,9.867359151631660552e-02,1.058105574161629647e-01,1.117705738936365378e-01,1.165454274108128629e-01,1.201279973335829254e-01,1.225126750692453470e-01,1.236965538388830055e-01,1.236781953092958020e-01,1.224574332898384910e-01,1.200356363949168781e-01,1.164172995239454167e-01,1.116077677510531885e-01,1.056139959573130227e-01,9.844459235259250818e-02,9.011125134054509545e-02,8.062696981059502832e-02,7.000618304071792863e-02,5.826702185512999677e-02,4.543049130064957808e-02,3.152251879508582988e-02,1.657124958407507620e-02,6.122861139772339811e-04,-1.631253697070178532e-02,-3.415067445919817146e-02,-5.284166702567461016e-02,-7.231194439611954294e-02,-9.247417792403211934e-02,-1.132201201779139410e-01,-1.344209337356971901e-01,-1.559242475917557158e-01,-1.775517614958062040e-01,-1.991003419544341568e-01,-2.203343607819476802e-01,-2.409890800500846808e-01,-2.607633496064352130e-01,-2.793228295238634473e-01,-2.962995196657374208e-01,-3.112952633448173856e-01,-3.238886679719996664e-01,-3.336375232292709825e-01,-3.400912811564893445e-01,-3.427931157094405989e-01,-3.412943921764792776e-01,-3.351619651311921189e-01,-3.239910600752580194e-01,-3.074198450439951102e-01,-2.851400192244284426e-01,-2.569150001608875300e-01,-2.225889332840438328e-01,-1.821042887430053270e-01,-1.355093992796554403e-01,-8.297184284162995027e-02,-2.478557899661382180e-02,3.862222358368683217e-02,1.066884078027783289e-01,1.787155562055318114e-01,2.538771160710666663e-01,3.312299976074086771e-01,4.097291739814892253e-01,4.882512969913364032e-01,5.656199543943216668e-01,6.406363340029201936e-01,7.121104571341732026e-01,7.788908316609166604e-01,8.398955714745000023e-01,8.941353083423848602e-01,9.407334015515687042e-01,9.789406175630972484e-01,1.008147879153824533e+00,1.027893264845189947e+00,1.037866569929917659e+00
1.009096643827817275e+00,9.994720087897661642e-01,9.803079261522782417e-01,9.518896088682140544e-01,9.146462140554376674e-01,8.691510730446339039e-01,8.161167397143032076e-01,7.563842143338064261e-01,6.909143257206409316e-01,6.207644521042681163e-01,5.470660214129736687e-01,4.709982991198700120e-01,3.937547997386587895e-01,3.165154102912168810e-01,2.404136382881176814e-01,1.665080775225220577e-01,9.575950871490590544e-02,2.901180861499597086e-02,-3.302075759070532968e-02,-8.976294000481743751e-02,-1.407797936157351160e-01,-1.857748804780783303e-01,-2.245859587193876905e-01,-2.571731389450917504e-01,-2.836102842939567381e-01,-3.040702047038621458e-01,-3.188109231425642065e-01,-3.281623129576303199e-01,-3.325074372808671797e-01,-3.322739168838779733e-01,-3.279133224933872270e-01,-3.198944160104133516e-01,-3.086877037562061332e-01,-2.947553755370222461e-01,-2.785455840123347571e-01,-2.604801177840272430e-01,-2.409557211656760956e-01,-2.203343607819476802e-01,-1.989458957445719989e-01,-1.770842053294927609e-01,-1.550088448534836516e-01,-1.329467385448310779e-01,-1.110924820425225334e-01,-8.961412015503356088e-02,-6.865160231293998550e-02,-4.832428381115505545e-02,-2.873039391377574248e-02,-9.951696464071346782e-03,7.944628058623948164e-03,2.490259315817411334e-02,4.087708525159428063e-02,5.583005853226552517e-02,6.972930271155064474e-02,8.254880899099248381e-02,9.426550192543459161e-02,1.048599574035904425e-01,1.143153340146625396e-01,1.226178727293643078e-01,1.297544845848079831e-01,1.357148430271166717e-01,1.404903858040995601e-01,1.440743563964304030e-01,1.464606509362909037e-01,1.476464468503877470e-01,1.476299820113666783e-01,1.464112990758508204e-01,1.439917232004859216e-01,1.403760403342459995e-01,1.355695722545817716e-01,1.295796865239111639e-01,1.224145528945541628e-01,1.140862775348523428e-01,1.046071770756213937e-01,9.399186003027182323e-02,8.225639769622716813e-02,6.942125718038028026e-02,5.551011734495148175e-02,4.054936755343874211e-02,2.457102171003100466e-02,7.613035865091433152e-03,-1.027712793973023508e-02,-2.904422817698559811e-02,-4.862081483108227076e-02,-6.892716343176630289e-02,-8.986383250046969806e-02,-1.113112390012247488e-01,-1.331256491977512724e-01,-1.551383255009568529e-01,-1.771538801426970622e-01,-1.989458957445719989e-01,-2.202574963604604363e-01,-2.407940097623253450e-01,-2.602272407742560745e-01,-2.781914843722290698e-01,-2.942895176701512128e-01,-3.080968367860634771e-01,-3.191658291672894165e-01,-3.270373499388341543e-01,-3.312429850542741860e-01,-3.313209363890621262e-01,-3.268222648667915564e-01,-3.173262476277898259e-01,-3.024538721835199340e-01,-2.818807700159595697e-01,-2.553553211346581975e-01,-2.227088775848073965e-01,-1.838744157487042230e-01,-1.388938673222526177e-01,-8.793276621649681601e-02,-3.128636465211798168e-02,3.061299238906656228e-02,9.719454682337413942e-02,1.677514621211884105e-01,2.414475112723266648e-01,3.173312349859713777e-01,3.943519704019422534e-01,4.713850617905279705e-01,5.472582935350089883e-01,6.207834367966000855e-01,6.907878535588736213e-01,7.561437159424286847e-01,8.157982237008525317e-01,8.687947442439423185e-01,9.142909219785337882e-01,9.515710227589408987e-01,9.800565371073446386e-01,9.993106909471123345e-01,1.009040885960743594e+00
9.797879560354658679e-01,9.704525101094390038e-01,9.518440613302487918e-01,9.242297119705256137e-01,8.880122098517944096e-01,8.437333019630699482e-01,7.920700134734062203e-01,7.338271105903118041e-01,6.699296710128948007e-01,6.014029079233154107e-01,5.293509934278119999e-01,4.549332060894926144e-01,3.793294302826950570e-01,3.037131600077884741e-01,2.292162102544352820e-01,1.569006753103110441e-01,8.773442125982455764e-02,2.256954063523153309e-02,-3.787198934645630288e-02,-9.300782520247707907e-02,-1.423990269341857129e-01,-1.857482114269686235e-01,-2.228957295144198270e-01,-2.538081277522934442e-01,-2.785682606861286104e-01,-2.973616358137292082e-01,-3.104597100136174959e-01,-3.182080762076111569e-01,-3.210049058055517435e-01,-3.192924200605489204e-01,-3.135359804926167726e-01,-3.042146985516183122e-01,-2.918086311985490511e-01,-2.767850821926316485e-01,-2.595953224056160025e-01,-2.406614021014092941e-01,-2.203770823844166671e-01,-1.991003419544341568e-01,-1.771538801426970622e-01,-1.548249001020707283e-01,-1.323635539048382270e-01,-1.099884190838764653e-01,-8.788457300272511930e-02,-6.621082547658829753e-02,-4.509861153799477052e-02,-2.465864818755392207e-02,-4.982048252358595164e-03,1.385653149105792181e-02,3.179506591629888135e-02,4.878285838226759097e-02,6.477818481027952657e-02,7.974646030348253589e-02,9.365756850593243144e-02,1.064873564087065461e-01,1.182136556411705897e-01,1.288176552592972257e-01,1.382827514708822036e-01,1.465952418305960236e-01,1.537418966843944190e-01,1.597117800435086110e-01,1.644960187223603043e-01,1.680873631633232890e-01,1.704794679477288355e-01,1.716689843144081351e-01,1.716541687512034287e-01,1.704352271634377303e-01,1.680135175552095461e-01,1.643937317888060079e-01,1.595817581423375486e-01,1.535856898802308024e-01,1.464142164275585856e-01,1.380794595738166208e-01,1.285938258694301339e-01,1.179723259056260076e-01,1.062309071079710066e-01,9.338971516727667677e-02,7.947036089048253871e-02,6.449808867432693660e-02,4.850130940970132087e-02,3.151570465605857407e-02,1.358501264340361558e-02,-5.239140732484770524e-03,-2.489558748143849698e-02,-4.531093162098898119e-02,-6.639412723632176494e-02,-8.803528016150607982e-02,-1.100981635666187231e-01,-1.324239056563669692e-01,-1.548249001020707283e-01,-1.770842053294927609e-01,-1.989534297277373298e-01,-2.201462492976844487e-01,-2.403414433514257098e-01,-2.591775721579949732e-01,-2.762605478351929378e-01,-2.911644717261197002e-01,-3.034390596126286255e-01,-3.126184615825735591e-01,-3.182254634201342469e-01,-3.197872774246235394e-01,-3.168414745868517457e-01,-3.089534306534886809e-01,-2.957285927284374338e-01,-2.768280575469219684e-01,-2.519861696469263279e-01,-2.210223478709991696e-01,-1.838604697053938253e-01,-1.405362261189679884e-01,-9.121289871896465229e-02,-3.618648168948368493e-02,2.410638341321202915e-02,8.908868284693483020e-02,1.580458699051234817e-01,2.301342711555207643e-01,3.043966836300739942e-01,3.797799172958065128e-01,4.551614456986783352e-01,5.293769145263240716e-01,6.012524010076276682e-01,6.696361119928724293e-01,7.334270969917326966e-01,7.916042838484713684e-01,8.432459419096858255e-01,8.875455529101401453e-01,9.238219607961468682e-01,9.515278321583480192e-01,9.702518082684292722e-01,9.797190173679410918e-01
9.502001335767147339e-01,9.411681838685410639e-01,9.231451043297624892e-01,8.963800194825211065e-01,8.612494732709308209e-01,8.182630056040665067e-01,7.680619511245936337e-01,7.114134806224399199e-01,6.492055964331342466e-01,5.824286797666786697e-01,5.121581061495135145e-01,4.395295724998220521e-01,3.657059723385032157e-01,2.918502649638980984e-01,2.190892821028000981e-01,1.484862168449438968e-01,8.101290560716734035e-02,1.752716177378488283e-02,-4.124267193357411543e-02,-9.470869749129917636e-02,-1.424289840203130098e-01,-1.841058232686236806e-01,-2.195822396604967253e-01,-2.488312345529237746e-01,-2.719440145865377190e-01,-2.891178809213386103e-01,-3.006367186740988018e-01,-3.068598353505365139e-01,-3.081991261278176353e-01,-3.051085838906004710e-01,-2.980653392603898055e-01,-2.875559824768743056e-01,-2.740674833263199162e-01,-2.580700215300737455e-01,-2.400152954493535162e-01,-2.203241903471564456e-01,-1.993852924326517950e-01,-1.775517614958062040e-01,-1.551383255009568529e-01,-1.324239056563669692e-01,-1.096496551884911241e-01,-8.702455649324747355e-02,-6.472454412872252760e-02,-4.289879750352554311e-02,-2.167136947259962199e-02,-1.144514373294214238e-03,1.859640180140331722e-02,3.748278065094723388e-02,5.545762952159805081e-02,7.247437005952406253e-02,8.849436587064474224e-02,1.034854465795262968e-01,1.174188288748894138e-01,1.302710147039078947e-01,1.420204236823536803e-01,1.526482965278432857e-01,1.621374464493783307e-01,1.704733720984137335e-01,1.776423548277108466e-01,1.836326860839818664e-01,1.884347610116918759e-01,1.920404911658408764e-01,1.944432317067708027e-01,1.956388205851027351e-01,1.956257052769103666e-01,1.944036532402577677e-01,1.919746246234126374e-01,1.883434808596007315e-01,1.835169073605982248e-01,1.775033220324928607e-01,1.703125359685486728e-01,1.619572420023729364e-01,1.524509268654128391e-01,1.418089050550150887e-01,1.300475815646819910e-01,1.171869191142604905e-01,1.032484545105347706e-01,8.825651243459731177e-02,7.223775387059561126e-02,5.522548306339558621e-02,3.725954165156508680e-02,1.838869034999390806e-02,-1.330147041542772968e-03,-2.182960942124623216e-02,-4.302559445970643992e-02,-6.481612149707416393e-02,-8.707418325127491698e-02,-1.096496551884911241e-01,-1.323635539048382270e-01,-1.550088448534836516e-01,-1.773451898011728645e-01,-1.990957298723969870e-01,-2.199467418450780087e-01,-2.395429170954344045e-01,-2.574949779695998586e-01,-2.733781731240867430e-01,-2.867419535888870996e-01,-2.971162118509766970e-01,-3.040174919121909625e-01,-3.069641026913814130e-01,-3.054824579444357369e-01,-2.991258600624036035e-01,-2.874860338313993680e-01,-2.702111385340089100e-01,-2.470226642248007920e-01,-2.177292092014369018e-01,-1.822460674098493882e-01,-1.406030384086562890e-01,-9.296098160787380493e-02,-3.961611935420705777e-02,1.899153052349333848e-02,8.228009207903141942e-02,1.495290923227940993e-01,2.198896592911694370e-01,2.924014816579898479e-01,3.660118423400149368e-01,4.396036218755909886e-01,5.120237317714213532e-01,5.821159027049844781e-01,6.487523127793508593e-01,7.108615434764402607e-01,7.674564354385466913e-01,8.176517269493501772e-01,8.606777914719430100e-01,8.958886491090112258e-01,9.227683137709448147e-01,9.409308324806318069e-01,9.501189546250117246e-01
9.205402343529840437e-01,9.118221914277455653e-01,8.944067858100481772e-01,8.685250356937501692e-01,8.345280166422242019e-01,7.928929118897798389e-01,7.442255676691331701e-01,6.892546932654539660e-01,6.288305337671715733e-01,5.639069876778251000e-01,4.955285766910151324e-01,4.248043241511254564e-01,3.528769197885566200e-01,2.808953455590739168e-01,2.099790458250652136e-01,1.411893428633561598e-01,7.549889519923169701e-02,1.376938523902992983e-02,-4.326629007687188277e-02,-9.501652169055319064e-02,-1.410372304867166804e-01,-1.810310840232460805e-01,-2.148438844740354625e-01,-2.424547893895407924e-01,-2.639626529714433900e-01,-2.795753761406132298e-01,-2.895879558202807402e-01,-2.943714285271141762e-01,-2.943495136924667577e-01,-2.899856589947518160e-01,-2.817661614510171830e-01,-2.701831420534404060e-01,-2.557273386683220906e-01,-2.388702401648430396e-01,-2.200613028391416037e-01,-1.997184876002791043e-01,-1.782239277684993795e-01,-1.559242475917557158e-01,-1.331256491977512724e-01,-1.100981635666187231e-01,-8.707418325127491698e-02,-6.425245514508048927e-02,-4.180067913095797394e-02,-1.985851920846926078e-02,1.457405135766975945e-03,2.205221940909041223e-02,4.184624629913002991e-02,6.077607365345727430e-02,7.878837614578060311e-02,9.583968557092248375e-02,1.118935980084359016e-01,1.269192484236754126e-01,1.408889109613653545e-01,1.537788617367539246e-01,1.655675345154463685e-01,1.762350864092496749e-01,1.857640350889937508e-01,1.941382868704835118e-01,2.013435855754153181e-01,2.073662263498903258e-01,2.121959312230501382e-01,2.158235050036694247e-01,2.182421044328179960e-01,2.194467563979713987e-01,2.194352095958720383e-01,2.182073243543243279e-01,2.157659433588605680e-01,2.121160062774691824e-01,2.072648775327792237e-01,2.012216278863974139e-01,1.939976148145206025e-01,1.856066351417666738e-01,1.760633957340331790e-01,1.653837879674568967e-01,1.535854304418649008e-01,1.406888531067522763e-01,1.267169065538666928e-01,1.116934963501563516e-01,9.564398033542431676e-02,7.859943617890507994e-02,6.059720099918308733e-02,4.168332843025268630e-02,2.191171020170656902e-02,1.346044252557021537e-03,-1.993732794481672954e-02,-4.184275840788131973e-02,-6.425245514508048927e-02,-8.702455649324747355e-02,-1.099884190838764653e-01,-1.329467385448310779e-01,-1.556676339821478905e-01,-1.778845860239073318e-01,-1.992919997814368571e-01,-2.195426058968337202e-01,-2.382531756290404701e-01,-2.550020634801200003e-01,-2.693405313213617092e-01,-2.807961277503068231e-01,-2.888818783040676408e-01,-2.931092687362593097e-01,-2.929962045191842890e-01,-2.880860449184297067e-01,-2.779588390289546851e-01,-2.622515854260996093e-01,-2.406742315292262901e-01,-2.130256648765964655e-01,-1.792131680857949050e-01,-1.392609601366956440e-01,-9.332730724582916082e-02,-4.170813316177657271e-02,1.515410544371320611e-02,7.667406965440193289e-02,1.421271269688446637e-01,2.106614389103782514e-01,2.813161178203529289e-01,3.530417913181906897e-01,4.247298026163974782e-01,4.952414076572466684e-01,5.634410100306013192e-01,6.282273720152318219e-01,6.885608565341669873e-01,7.434898400863687584e-01,7.921666352248735166e-01,8.338591089838303105e-01,8.679565833256219776e-01,8.939742850849228262e-01,9.115513516043591835e-01,9.204478940015690114e-01
8.910036454423533314e-01,8.826062137765831039e-01,8.658137074497176400e-01,8.408389377032250422e-01,8.080082341004128921e-01,7.677671188605188490e-01,7.206862201925474665e-01,6.674558160570711607e-01,6.088874348884587562e-01,5.458979890610748953e-01,4.794985888714222710e-01,4.107692004298542088e-01,3.408297415168846101e-01,2.708128558547713283e-01,2.018280266563579062e-01,1.349313173483466244e-01,7.109382158208177316e-02,1.117911888877642923e-02,-4.407763876606907161e-02,-9.408270171925892100e-02,-1.383906649520838528e-01,-1.767053201446060484e-01,-2.088752110461484790e-01,-2.348852838478734384e-01,-2.548413646538278954e-01,-2.689605016922058667e-01,-2.775476277229245170e-01,-2.809830786531222202e-01,-2.797005828278145145e-01,-2.741703372021930818e-01,-2.648852807558341738e-01,-2.523408633501986742e-01,-2.370288095060573141e-01,-2.194205321879678650e-01,-1.999609410770801787e-01,-1.790640219603432115e-01,-1.571045571600109270e-01,-1.344209337356971901e-01,-1.113112390012247488e-01,-8.803528016150607982e-02,-6.481612149707416393e-02,-4.184275840788131973e-02,-1.927434690426821362e-02,2.757978856237741638e-03,2.414440699223519005e-02,4.479552926302687865e-02,6.463802020343223376e-02,8.361161756309343218e-02,1.016671021120174601e-01,1.187629580460338730e-01,1.348642501346546396e-01,1.499399332742257229e-01,1.639629818322845267e-01,1.769086673051987191e-01,1.887547173256507449e-01,1.994801746940311205e-01,2.090660737532203939e-01,2.174944762401906928e-01,2.247495705930901977e-01,2.308169901295116233e-01,2.356847433289885885e-01,2.393421595210725172e-01,2.417815697696141797e-01,2.429973849938562580e-01,2.429874790576462829e-01,2.417514188306597589e-01,2.392920925030210810e-01,2.356150885608485623e-01,2.307290976352760481e-01,2.246439691238180103e-01,2.173725358587006440e-01,2.089295810593227998e-01,1.993321212489007621e-01,1.885974674826798037e-01,1.767440910415842836e-01,1.637935849516765074e-01,1.497701244412610322e-01,1.346985574624568471e-01,1.186045441448015936e-01,1.015177221718488454e-01,8.347325375846992301e-02,6.451570460882294356e-02,4.469554929440278102e-02,2.407331540018731175e-02,2.720229492439329988e-03,-1.927434690426821362e-02,-4.180067913095797394e-02,-6.472454412872252760e-02,-8.788457300272511930e-02,-1.110924820425225334e-01,-1.341253421131511914e-01,-1.567269779866933277e-01,-1.786001127651104525e-01,-1.994067969054924561e-01,-2.187707748507818906e-01,-2.362757613200869855e-01,-2.514766968405837133e-01,-2.639012916091871830e-01,-2.730614048341664102e-01,-2.784639411830625022e-01,-2.796207010445073138e-01,-2.760669949928882261e-01,-2.673732854463537478e-01,-2.531670411232482820e-01,-2.331481442107161683e-01,-2.071070023561105700e-01,-1.749435893742514736e-01,-1.366770565229558088e-01,-9.246296139301080075e-02,-4.259651708292722105e-02,1.247831902071538934e-02,7.217410596044260274e-02,1.357638248213959287e-01,2.023948469879996992e-01,2.711081579855942891e-01,3.408604474945207130e-01,4.105543094908341573e-01,4.790681577302393634e-01,5.452896248794019129e-01,6.081463153038697556e-01,6.666320797055789171e-01,7.198320061025071936e-01,7.669366441208183005e-01,8.072514736981446504e-01,8.402009569419988111e-01,8.653310616076055339e-01,8.823054945836190655e-01,8.909013479877643249e-01
8.617734975013036092e-01,8.536999858521880924e-01,8.375388738557205670e-01,8.134850346471012017e-01,7.818406428727513457e-01,7.430209808046299713e-01,6.975616413148202355e-01,6.461151177699377968e-01,5.894534704367941913e-01,5.284561965118257376e-01,4.640991559638933950e-01,3.974318362293161044e-01,3.295493634836788033e-01,2.615659165965951161e-01,1.945779034693799758e-01,1.296332693799229219e-01,6.769958966732758654e-02,9.639659662724398004e-03,-4.381113591566077048e-02,-9.205811801869856481e-02,-1.346555052847975276e-01,-1.713086883546139916e-01,-2.018687881171246090e-01,-2.263259722817991815e-01,-2.447922249374983039e-01,-2.574922161132633391e-01,-2.647392867573614694e-01,-2.669210890984032858e-01,-2.644790380457067158e-01,-2.578883309095516552e-01,-2.476456393605701578e-01,-2.342483274415059213e-01,-2.181865031816698774e-01,-1.999296322981223284e-01,-1.799168764201226622e-01,-1.585559842834811661e-01,-1.362140144566836852e-01,-1.132201201779139410e-01,-8.986383250046969806e-02,-6.639412723632176494e-02,-4.302559445970643992e-02,-1.993732794481672954e-02,2.720229492439329988e-03,2.482318265650462763e-02,4.626842367321160054e-02,6.697175891767415123e-02,8.686400388978654519e-02,1.058878733558827889e-01,1.239965680114210045e-01,1.411500283684148371e-01,1.573138803451286094e-01,1.724570982846103107e-01,1.865517972323971208e-01,1.995724640298135455e-01,2.114949201478566465e-01,2.222967985985349060e-01,2.319571417489356691e-01,2.404560749546789111e-01,2.477758318698732865e-01,2.539002151138305408e-01,2.588159123372406611e-01,2.625107920222404800e-01,2.649760324528358524e-01,2.662060179767422596e-01,2.661974723882138960e-01,2.649500190665747823e-01,2.624667854454969529e-01,2.587550099264603887e-01,2.538239432638818016e-01,2.476846447197118550e-01,2.403509016345850569e-01,2.318400664544668643e-01,2.221714446069853466e-01,2.113634234475370022e-01,1.994362555418973670e-01,1.864124657643344563e-01,1.723178835194829617e-01,1.571795340724264634e-01,1.410246124979863680e-01,1.238821870601043429e-01,1.057861220816960213e-01,8.677859822680034085e-02,6.690906897171089440e-02,4.623458483783338124e-02,2.482318265650462763e-02,2.757978856237741638e-03,-1.985851920846926078e-02,-4.289879750352554311e-02,-6.621082547658829753e-02,-8.961412015503356088e-02,-1.128951526958559270e-01,-1.358079210532707748e-01,-1.580642030236276696e-01,-1.793365343750110696e-01,-1.992565092391345161e-01,-2.174149989273246319e-01,-2.333719481210465574e-01,-2.466571698813453395e-01,-2.567835019333131186e-01,-2.632552747273990690e-01,-2.655807641615695047e-01,-2.632892952929068997e-01,-2.559440236167631610e-01,-2.431647298435137827e-01,-2.246428009668193226e-01,-2.001614201701187312e-01,-1.696140007222908253e-01,-1.330150675844095076e-01,-9.051738086488114732e-02,-4.241499536317405727e-02,1.084753669981353141e-02,6.868200066749352573e-02,1.303606867448792173e-01,1.950322443108944981e-01,2.617418296479314677e-01,3.294546644908962207e-01,3.970871416099726048e-01,4.635372159266069048e-01,5.277179816277168811e-01,5.885876274645482908e-01,6.451747907582330299e-01,6.966020300499735640e-01,7.420983237666689547e-01,7.810066009332530257e-01,8.127859214487784811e-01,8.370122744752706012e-01,8.533733007869841458e-01,8.616625200414347319e-01
8.330203480228846047e-01,8.252709629727803531e-01,8.097433389694117523e-01,7.866155070443028308e-01,7.561657112762674160e-01,7.187806876784890164e-01,6.749615234267594133e-01,6.253233917062175351e-01,5.705990906569979870e-01,5.116301566463619110e-01,4.493565995174435557e-01,3.847965407424425166e-01,3.190183993326343170e-01,2.531154648664255546e-01,1.881682919998013404e-01,1.252147614775509510e-01,6.521652860845961186e-02,9.033066923194610354e-03,-4.260130060464462076e-02,-8.909237970942740503e-02,-1.299948427313921684e-01,-1.650159762009195674e-01,-1.940094939787684325e-01,-2.169701214910162435e-01,-2.340153300174137030e-01,-2.453757312845681327e-01,-2.513716708827047341e-01,-2.523958853132057811e-01,-2.488953282635009145e-01,-2.413481384721620771e-01,-2.302521845678597856e-01,-2.161050941339937026e-01,-1.993933036916359924e-01,-1.805827378728110943e-01,-1.601060944236678552e-01,-1.383629510503112670e-01,-1.157128217740535092e-01,-9.247417792403211934e-02,-6.892716343176630289e-02,-4.531093162098898119e-02,-2.182960942124623216e-02,1.346044252557021537e-03,2.407331540018731175e-02,4.623458483783338124e-02,6.773321353568917402e-02,8.848845508636316026e-02,1.084352885009565171e-01,1.275195349736151229e-01,1.456947658905249909e-01,1.629216595881359808e-01,1.791657399395205630e-01,1.943948239994170990e-01,2.085803071963567845e-01,2.216954360472982444e-01,2.337135497906217552e-01,2.446097296224962747e-01,2.543614696417222376e-01,2.629466624007079645e-01,2.703446925875425677e-01,2.765380637947316700e-01,2.815114268695708688e-01,2.852513778997831650e-01,2.877474976465350665e-01,2.889935442201618798e-01,2.889861038406991156e-01,2.877248205150664262e-01,2.852127544854852204e-01,2.814581712584072193e-01,2.764715792774836700e-01,2.702658477484618516e-01,2.628562971682413263e-01,2.542620537338962095e-01,2.445041955907640840e-01,2.336041951867002808e-01,2.215842038040420903e-01,2.084679411973127117e-01,1.942836371659097949e-01,1.790598196405284170e-01,1.628260034086395081e-01,1.456116100039821504e-01,1.274506843801930245e-01,1.083841265491400918e-01,8.846016591772354332e-02,6.773321353568917402e-02,4.626842367321160054e-02,2.414440699223519005e-02,1.457405135766975945e-03,-2.167136947259962199e-02,-4.509861153799477052e-02,-6.865160231293998550e-02,-9.212646812221692016e-02,-1.152867022203309944e-01,-1.378536228843074696e-01,-1.595103709478564724e-01,-1.798969944286170630e-01,-1.986131139772169263e-01,-2.152249320932497767e-01,-2.292666986858051814e-01,-2.402541093787817772e-01,-2.476911998552964178e-01,-2.510848866669732615e-01,-2.499604250884601697e-01,-2.438757619349303241e-01,-2.324445742728187270e-01,-2.153513998130023310e-01,-1.923734207398268836e-01,-1.633983674047669865e-01,-1.284367393698602200e-01,-8.763848908057525477e-02,-4.129623323572673144e-02,1.014574511779642307e-02,6.609966906157183075e-02,1.258387628622870125e-01,1.885149072847980278e-01,2.531795418900770755e-01,3.188087207622629649e-01,3.843348210371289042e-01,4.486774654529881445e-01,5.107769568781463931e-01,5.696234362695520304e-01,6.242811917747843609e-01,6.739105380961518676e-01,7.177787909685946488e-01,7.552657776711271254e-01,7.858643612265723277e-01,8.091796967024151854e-01,8.249224817753741945e-01,8.329020580555663855e-01
8.049020495974730238e-01,7.974742850037443986e-01,7.825764076953589665e-01,7.603711858322128592e-01,7.311135907984436244e-01,6.951629409398947246e-01,6.529869195126423165e-01,6.051637793257782505e-01,5.523881868890896385e-01,4.954637500472358624e-01,4.352944077032248060e-01,3.728658195637422068e-01,3.092180275316138705e-01,2.454212773833432948e-01,1.825384600784616396e-01,1.215954469360269741e-01,6.354538633249262602e-02,9.242736807465234961e-03,-4.058055236794189113e-02,-8.533220874127778188e-02,-1.245680037759484549e-01,-1.579973311644948808e-01,-1.854764617700368490e-01,-2.070039446774956104e-01,-2.227018158823028671e-01,-2.328051934554480340e-01,-2.376396580834381211e-01,-2.376015271047435817e-01,-2.331408749392096524e-01,-2.247374856241606267e-01,-2.128880554201231234e-01,-1.980886863441355672e-01,-1.808208443760719319e-01,-1.615445095761316452e-01,-1.406852802533364866e-01,-1.186333384613789121e-01,-9.573957918027531377e-02,-7.231194439611954294e-02,-4.862081483108227076e-02,-2.489558748143849698e-02,-1.330147041542772968e-03,2.191171020170656902e-02,4.469554929440278102e-02,6.690906897171089440e-02,8.846016591772354332e-02,1.092718294257792877e-01,1.292818594560998235e-01,1.484374936427172997e-01,1.666930709552616463e-01,1.840095115186812791e-01,2.003517065780613393e-01,2.156860040194601424e-01,2.299816590203676014e-01,2.432100806870778342e-01,2.553421411674179353e-01,2.663506623211020496e-01,2.762100052621292434e-01,2.848959362708285425e-01,2.923852646163993541e-01,2.986584591189682669e-01,3.036987765891012714e-01,3.074906056918109698e-01,3.100219999814584071e-01,3.112860660037597427e-01,3.112797915144369654e-01,3.100025103087915568e-01,3.074566640737259604e-01,3.036515874645999702e-01,2.985997343849078334e-01,2.923167464166454010e-01,2.848183260096845970e-01,2.761249104013643318e-01,2.662606619476832748e-01,2.552504949700988846e-01,2.431190919163839226e-01,2.298923700637374168e-01,2.155995838542850151e-01,2.002716008193488051e-01,1.839401565457023935e-01,1.666369661208335629e-01,1.483964082136139950e-01,1.292591220748136038e-01,1.092718294257792877e-01,8.848845508636316026e-02,6.697175891767415123e-02,4.479552926302687865e-02,2.205221940909041223e-02,-1.144514373294214238e-03,-2.465864818755392207e-02,-4.832428381115505545e-02,-7.194738043294535146e-02,-9.529977412253742841e-02,-1.181131538660906699e-01,-1.400814232584082220e-01,-1.608539518077236607e-01,-1.800403186049663873e-01,-1.972138767350628541e-01,-2.119150093759287756e-01,-2.236637210809959697e-01,-2.319656168380248573e-01,-2.363283856417268680e-01,-2.362751364518373975e-01,-2.313608245837031063e-01,-2.211947985210542811e-01,-2.054564414257384897e-01,-1.839182201675555461e-01,-1.564630716981980640e-01,-1.230979952594566385e-01,-8.397015754033532176e-02,-3.937040093293830978e-02,1.025805714664329571e-02,6.432903038184178968e-02,1.221181845882739481e-01,1.827823885065242848e-01,2.453813014845991347e-01,3.089037552172726464e-01,3.723000482527396571e-01,4.345131189504769509e-01,4.945118788794786724e-01,5.513193507499920543e-01,6.040358944381409856e-01,6.518595784172021013e-01,6.940955550159628729e-01,7.301597330492768378e-01,7.595778266210260199e-01,7.819830341457247869e-01,7.971082350344289580e-01,8.047779305811957329e-01
7.775638326487523955e-01,7.704526916458576125e-01,7.561757912340709709e-01,7.348818025169521206e-01,7.068039379201138672e-01,6.722748401302567345e-01,6.317301102634189647e-01,5.857123270580189001e-01,5.348790956495008686e-01,4.799964811542594134e-01,4.219322810296119997e-01,3.616386372087987411e-01,3.001261066489178120e-01,2.384406250651522896e-01,1.776260972441860986e-01,1.186940622798715594e-01,6.258741598162487207e-02,1.015427924204459487e-02,-3.787750783556020906e-02,-8.091874261795339862e-02,-1.185268499649794194e-01,-1.504136824804902517e-01,-1.764380396204643375e-01,-1.966014408217517939e-01,-2.110297527953974850e-01,-2.199609991419322341e-01,-2.237244186694908876e-01,-2.227181603870747040e-01,-2.173933229184115135e-01,-2.082296164218178092e-01,-1.957206412559457931e-01,-1.803592293130407143e-01,-1.626207603206921704e-01,-1.429576952975537552e-01,-1.217882111488961527e-01,-9.949198245925572337e-02,-7.641045271842017428e-02,-5.284166702567461016e-02,-2.904422817698559811e-02,-5.239140732484770524e-03,1.838869034999390806e-02,4.168332843025268630e-02,6.451570460882294356e-02,8.677859822680034085e-02,1.083841265491400918e-01,1.292591220748136038e-01,1.493420916930858766e-01,1.685822732157191695e-01,1.869335293293090672e-01,2.043555177720719485e-01,2.208124147355903233e-01,2.362695142422097661e-01,2.506932404108539458e-01,2.640529737216752437e-01,2.763163066184972649e-01,2.874527022081991845e-01,2.974342061436487938e-01,3.062345585495052092e-01,3.138277736132550899e-01,3.201908964789765832e-01,3.253055184490989404e-01,3.291552955275989234e-01,3.317267704071298340e-01,3.330115112819385104e-01,3.330057804272001931e-01,3.317092914612658205e-01,3.291257799354525559e-01,3.252646029913250914e-01,3.201395051221140875e-01,3.137680647264460276e-01,3.061681378095926220e-01,2.973628312051630473e-01,2.873771948685828193e-01,2.762399602366514273e-01,2.639793443512417070e-01,2.506236238416761353e-01,2.362035194975362629e-01,2.207536097780575801e-01,2.043077230298706581e-01,1.868990315072522890e-01,1.685631070707671597e-01,1.493420916930858766e-01,1.292818594560998235e-01,1.084352885009565171e-01,8.686400388978654519e-02,6.463802020343223376e-02,4.184624629913002991e-02,1.859640180140331722e-02,-4.982048252358595164e-03,-2.873039391377574248e-02,-5.246356376495953100e-02,-7.596178940281106406e-02,-9.896711622020859522e-02,-1.211836346314498769e-01,-1.422706030676579303e-01,-1.618480304218792298e-01,-1.794973989178032525e-01,-1.947669514073027131e-01,-2.071823945818778157e-01,-2.162530232878481229e-01,-2.214890053564744221e-01,-2.224131743992643351e-01,-2.185793327571445843e-01,-2.095939867794527345e-01,-1.951329867149524944e-01,-1.749652093241849116e-01,-1.489697818417567987e-01,-1.171508108029826190e-01,-7.965279944498604436e-02,-3.676466383630838664e-02,1.107214958213376121e-02,6.327402595846365330e-02,1.191204285906621863e-01,1.777748163702739248e-01,2.383067248278223360e-01,2.997195287505718397e-01,3.609829708619116673e-01,4.210646808635942762e-01,4.789631418599071822e-01,5.337347791260924623e-01,5.845161271590626484e-01,6.305425877850865390e-01,6.711564005282326661e-01,7.058085520610575259e-01,7.340563658551388926e-01,7.555599315992083120e-01,7.700733127902594788e-01,7.774354298661592111e-01
7.511387600338821358e-01,7.443366881700228532e-01,7.306673871146927013e-01,7.102661126121745383e-01,6.833460009097933607e-01,6.502142260093961568e-01,6.112755296339571487e-01,5.670386223067112041e-01,5.181249325161587649e-01,4.652634712535501649e-01,4.092860150782371420e-01,3.511110218490358648e-01,2.917191001183141452e-01,2.321310111613286153e-01,1.733701322780802911e-01,1.164318422426759980e-01,6.224767834875422068e-02,1.165754615695391294e-02,-3.461623850148498605e-02,-7.598824069876286558e-02,-1.120182618940503971e-01,-1.424206023535958821e-01,-1.670563504821416245e-01,-1.859292692087137766e-01,-1.991679611681149709e-01,-2.070122662676965319e-01,-2.097932937860207403e-01,-2.079099466064491253e-01,-2.018123023127458282e-01,-1.919786115856965125e-01,-1.788978436673005490e-01,-1.630574977689320804e-01,-1.449262437213292287e-01,-1.249472703988203648e-01,-1.035306090072793950e-01,-8.104536915131177466e-02,-5.782256616109293645e-02,-3.415067445919817146e-02,-1.027712793973023508e-02,1.358501264340361558e-02,3.725954165156508680e-02,6.059720099918308733e-02,8.347325375846992301e-02,1.057861220816960213e-01,1.274506843801930245e-01,1.483964082136139950e-01,1.685631070707671597e-01,1.879006262439304464e-01,2.063619823099713813e-01,2.239055736548891673e-01,2.404943244994797169e-01,2.560910371910978256e-01,2.706594464489029406e-01,2.841653261838814615e-01,2.965746549545826838e-01,3.078535229666812256e-01,3.179709431931314612e-01,3.268969449516987424e-01,3.346034155635067009e-01,3.410654832927519919e-01,3.462621884423811025e-01,3.501751729028796944e-01,3.527898756809406677e-01,3.540966194634620479e-01,3.540916475177908751e-01,3.527745608959946821e-01,3.501497223958693894e-01,3.462267424927887305e-01,3.410215111741479177e-01,3.345527869918072383e-01,3.268415218458358140e-01,3.179123342414271747e-01,3.077926624416420509e-01,2.965138206791380071e-01,2.841071254288181080e-01,2.706049152386640344e-01,2.560415942133005274e-01,2.404530364297130518e-01,2.238758465937564779e-01,2.063458676912546252e-01,1.879006262439304464e-01,1.685822732157191695e-01,1.484374936427172997e-01,1.275195349736151229e-01,1.058878733558827889e-01,8.361161756309343218e-02,6.077607365345727430e-02,3.748278065094723388e-02,1.385653149105792181e-02,-9.951696464071346782e-03,-3.376453681477187274e-02,-5.736992445891075931e-02,-8.052051211302568845e-02,-1.029299618879235823e-01,-1.242683113151628049e-01,-1.441663496569844938e-01,-1.622144318451432810e-01,-1.779698247120791166e-01,-1.909648306649387450e-01,-2.007139861751880971e-01,-2.067314586259669795e-01,-2.085414939783589716e-01,-2.056986261443825015e-01,-1.978081306036756359e-01,-1.845439524074805604e-01,-1.656726010524494086e-01,-1.410703429090318650e-01,-1.107389491983781227e-01,-7.482039463728540341e-02,-3.360145710870199309e-02,1.247881525404181957e-02,6.284028163366883746e-02,1.167674243314991145e-01,1.734316325860731922e-01,2.319137892732641149e-01,2.912331610686749173e-01,3.503801944477089592e-01,4.083481258793426605e-01,4.641655954399368511e-01,5.169226039598981970e-01,5.657915364350571963e-01,6.100444555867170493e-01,6.490596701612503239e-01,6.823219589294495790e-01,7.094189674913309318e-01,7.300364009279860511e-01,7.439483823137891250e-01,7.510076421959297477e-01
7.257476748313251846e-01,7.192448637518538135e-01,7.061654994631396676e-01,6.866320568738757402e-01,6.608392525154584973e-01,6.290701513080279028e-01,5.917000351596328755e-01,5.492053646050436555e-01,5.021724696826623813e-01,4.512942760006097842e-01,3.973670759162644117e-01,3.412761862553139736e-01,2.839721503408298986e-01,2.264496758037068957e-01,1.697102445400986426e-01,1.147320950605745793e-01,6.243402322829183504e-02,1.364603653794915772e-02,-3.091578578073495009e-02,-7.067057437561174993e-02,-1.051810608365144617e-01,-1.341638938352502919e-01,-1.574823603289985385e-01,-1.751416801718335137e-01,-1.872723657011903242e-01,-1.941148324634554001e-01,-1.960005745576012259e-01,-1.933277935611528164e-01,-1.865439091870939592e-01,-1.761239662194640232e-01,-1.625512457369495678e-01,-1.463063684506238360e-01,-1.278507132079482744e-01,-1.076177281160255461e-01,-8.600827985539183373e-02,-6.338133180391025689e-02,-4.005639970198160427e-02,-1.631253697070178532e-02,7.613035865091433152e-03,3.151570465605857407e-02,5.522548306339558621e-02,7.859943617890507994e-02,1.015177221718488454e-01,1.238821870601043429e-01,1.456116100039821504e-01,1.666369661208335629e-01,1.868990315072522890e-01,2.063458676912546252e-01,2.249307341709254615e-01,2.426102754992598420e-01,2.593456384751533506e-01,2.750969485471870257e-01,2.898247842562398091e-01,3.034912238002931417e-01,3.160594507954357368e-01,3.274931924957655838e-01,3.377568415901777144e-01,3.468184306825179419e-01,3.546474878051100177e-01,3.612156332765152911e-01,3.664996895741978733e-01,3.704796928286526736e-01,3.731406762848337166e-01,3.744714967498339320e-01,3.744668617806894417e-01,3.731270167574507468e-01,3.704575827991476444e-01,3.664688266330244915e-01,3.611776220056697184e-01,3.546043762006831912e-01,3.467732058178398802e-01,3.377095710288529062e-01,3.274446894064197977e-01,3.160121157193032104e-01,3.034472343424283736e-01,2.897847472693797499e-01,2.750624221959014903e-01,2.593201219022205350e-01,2.425969099879949908e-01,2.249307341709254615e-01,2.063619823099713813e-01,1.869335293293090672e-01,1.666930709552616463e-01,1.456947658905249909e-01,1.239965680114210045e-01,1.016671021120174601e-01,7.878837614578060311e-02,5.545762952159805081e-02,3.179506591629888135e-02,7.944628058623948164e-03,-1.592325587127163544e-02,-3.960461430995110277e-02,-6.286186280195238396e-02,-8.541800337113159003e-02,-1.069537970313803044e-01,-1.271105818653666120e-01,-1.454883227046366301e-01,-1.616541139917018199e-01,-1.751479634368138250e-01,-1.854912678933544612e-01,-1.922034411238797702e-01,-1.948118240947280810e-01,-1.928730791875921113e-01,-1.859925953357475237e-01,-1.738438056453333047e-01,-1.561918259224341909e-01,-1.329110377390918529e-01,-1.040014241564790609e-01,-6.960267725200708355e-02,-2.999938718768646595e-02,1.437228653367128572e-02,6.293638428097381166e-02,1.149834107639833292e-01,1.696938457201184747e-01,2.261610499335517943e-01,2.834213306290962464e-01,3.404866802340222876e-01,3.963765526314233512e-01,4.501499616202693232e-01,5.009302427449142670e-01,5.479250525808936345e-01,5.904421235507584242e-01,6.278945797183439481e-01,6.597996172781250834e-01,6.857737340610015053e-01,7.055268931810303457e-01,7.188521757414747526e-01,7.256154446087066390e-01
7.015000286238830540e-01,6.952845809207985894e-01,6.827735858416019710e-01,6.640774185178202060e-01,6.393738850317305378e-01,6.089230365859634730e-01,5.730725972125014778e-01,5.322683766429321395e-01,4.870627720751485867e-01,4.381142323748008494e-01,3.861847845547572433e-01,3.321270396353241949e-01,2.768612250286679455e-01,2.213553951274604970e-01,1.665885969489551144e-01,1.135210736798910602e-01,6.305740537612791741e-02,1.601704395388026114e-02,-2.689085332005447526e-02,-6.509068592342259763e-02,-9.814834769294122907e-02,-1.257827332680108157e-01,-1.478591030017781804e-01,-1.643835778294828742e-01,-1.754875341596715543e-01,-1.814112626191786148e-01,-1.824851203854791493e-01,-1.791056354337854373e-01,-1.717161567415388390e-01,-1.607870827752293508e-01,-1.467951871836561395e-01,-1.302128097265864426e-01,-1.114934084413334858e-01,-9.106037304989911263e-02,-6.930434212611658040e-02,-4.657465413644956698e-02,-2.317923137410105028e-02,6.122861139772339811e-04,2.457102171003100466e-02,4.850130940970132087e-02,7.223775387059561126e-02,9.564398033542431676e-02,1.186045441448015936e-01,1.410246124979863680e-01,1.628260034086395081e-01,1.839401565457023935e-01,2.043077230298706581e-01,2.238758465937564779e-01,2.425969099879949908e-01,2.604256006693645986e-01,2.773197666977722520e-01,2.932375657172201500e-01,3.081359378437298346e-01,3.219746044944571395e-01,3.347127107617922093e-01,3.463107183407885259e-01,3.567302187030065852e-01,3.659350314130875859e-01,3.738926488614850996e-01,3.805726095165482548e-01,3.859487054509287418e-01,3.899995396819804228e-01,3.927087012454535397e-01,3.940643201107008053e-01,3.940600807780896275e-01,3.926964434797639569e-01,3.899794224229680140e-01,3.859217484202019932e-01,3.805399656443597678e-01,3.738564551487684184e-01,3.658974178971732272e-01,3.566919106023931363e-01,3.462729352024211948e-01,3.346775947905484827e-01,3.219442989978062997e-01,3.081101283109290989e-01,2.932170845911201695e-01,2.773083535914935283e-01,2.604256006693645986e-01,2.426102754992598420e-01,2.239055736548891673e-01,2.043555177720719485e-01,1.840095115186812791e-01,1.629216595881359808e-01,1.411500283684148371e-01,1.187629580460338730e-01,9.583968557092248375e-02,7.247437005952406253e-02,4.878285838226759097e-02,2.490259315817411334e-02,9.981783664443355519e-04,-2.273431827291005902e-02,-4.606634181368463032e-02,-6.872981929029720050e-02,-9.041658610406955177e-02,-1.107783124595442814e-01,-1.294251817159590701e-01,-1.459345684085349149e-01,-1.598547262088345633e-01,-1.707149463524615385e-01,-1.780408204003123274e-01,-1.813641110114048161e-01,-1.802450026506505765e-01,-1.742903560144384301e-01,-1.631744713124021473e-01,-1.466621562329919470e-01,-1.246268025040251359e-01,-9.706714830329588040e-02,-6.412082056948520403e-02,-2.607013104199040754e-02,1.665207162363913085e-02,6.347462382376534151e-02,1.136949117929475506e-01,1.665033738678971531e-01,2.210067758314551156e-01,2.762591890898704605e-01,3.312947037133255890e-01,3.851592015588352069e-01,4.369418943742857664e-01,4.857989496686343500e-01,5.309723384035720528e-01,5.718042637468840894e-01,6.077412217096025415e-01,6.383312542894827857e-01,6.632181767305382891e-01,6.821348543939649289e-01,6.948920915190228698e-01,7.013682012642590280e-01
6.784942151263635424e-01,6.725523581830259445e-01,6.605847607634132146e-01,6.426900156685633192e-01,6.190306367413427324e-01,5.898447944277052102e-01,5.554545462879332263e-01,5.162767874692946179e-01,4.728318652988150461e-01,4.257454259380608619e-01,3.757461812944882240e-01,3.236545671282868852e-01,2.703608495393012845e-01,2.168064653911585538e-01,1.639479391253075846e-01,1.127265042441933929e-01,6.403207670466315449e-02,1.867313368228451509e-02,-2.264904032318781901e-02,-5.936441512230317130e-02,-9.104235279336592157e-02,-1.174040873538615415e-01,-1.383166508817623708e-01,-1.537864816904743748e-01,-1.639450664818014047e-01,-1.690315457116895459e-01,-1.693739577862487522e-01,-1.653657880127354929e-01,-1.574453352461517852e-01,-1.460769895158335885e-01,-1.317304917209298765e-01,-1.148694606696949450e-01,-9.593873688078247142e-02,-7.535189033191613817e-02,-5.348875417462295445e-02,-3.068871843913711928e-02,-7.248704054390486817e-03,1.657124958407507620e-02,4.054936755343874211e-02,6.449808867432693660e-02,8.825651243459731177e-02,1.116934963501563516e-01,1.346985574624568471e-01,1.571795340724264634e-01,1.790598196405284170e-01,2.002716008193488051e-01,2.207536097780575801e-01,2.404530364297130518e-01,2.593201219022205350e-01,2.773083535914935283e-01,2.943721917649213538e-01,3.104659686112825057e-01,3.255441450123583991e-01,3.395625172491065769e-01,3.524781008888737688e-01,3.642475512424283579e-01,3.748285954131063136e-01,3.841821539870124980e-01,3.922725404590323706e-01,3.990679472558298357e-01,4.045395197024674871e-01,4.086629841853408607e-01,4.114216463981108518e-01,4.128027301962049478e-01,4.127990434142816412e-01,4.114109393374576484e-01,4.086453765570610130e-01,4.045155423463882016e-01,3.990398417334404257e-01,3.922427327388504636e-01,3.841517120860657997e-01,3.747981709136070094e-01,3.642183834758441208e-01,3.524532000009799049e-01,3.395428326600438140e-01,3.255291783370921621e-01,3.104571048578463888e-01,2.943721917649213538e-01,2.773197666977722520e-01,2.593456384751533506e-01,2.404943244994797169e-01,2.208124147355903233e-01,2.003517065780613393e-01,1.791657399395205630e-01,1.573138803451286094e-01,1.348642501346546396e-01,1.118935980084359016e-01,8.849436587064474224e-02,6.477818481027952657e-02,4.087708525159428063e-02,1.695025802521854530e-02,-6.814067944091561913e-03,-3.019547823910784246e-02,-5.293474996557279155e-02,-7.473410356537613097e-02,-9.525515218612667923e-02,-1.141184920983988604e-01,-1.309118673098197405e-01,-1.451925861441054622e-01,-1.564987505141886004e-01,-1.643630181748392260e-01,-1.683228568064976116e-01,-1.679429009567172670e-01,-1.628326003966691360e-01,-1.526681477031388567e-01,-1.372148297469664158e-01,-1.163458940659722884e-01,-9.005928089283088411e-02,-5.849087915858319775e-02,-2.192075220179390271e-02,1.922181811703183030e-02,6.437087598618518314e-02,1.128313018127613532e-01,1.638041574404667244e-01,2.164101988070825655e-01,2.697217583822890674e-01,3.227952100815940639e-01,3.747027406146798967e-01,4.245633045512420267e-01,4.715649877042977778e-01,5.149829332876123544e-01,5.541923464969045199e-01,5.886714666202408353e-01,6.179975387286731348e-01,6.418400457580446528e-01,6.599533244973088131e-01,6.721647177555496455e-01,6.783642315590867611e-01
6.568182012999272956e-01,6.511345542952540200e-01,6.396821272420112336e-01,6.225483017213377934e-01,5.998815063495896993e-01,5.718993108879146803e-01,5.389004685884941637e-01,5.012746623903012733e-01,4.595120813680466654e-01,4.142069850124556751e-01,3.660559865530501611e-01,3.158484872824658396e-01,2.644456899377303216e-01,2.127628304288577965e-01,1.617337002255112566e-01,1.122802616438747236e-01,6.527773848321771766e-02,2.152284759223732635e-02,-1.829142642708347921e-02,-5.360073756983751991e-02,-8.397830805208172933e-02,-1.091475325404758223e-01,-1.289768561317146123e-01,-1.434726990121077961e-01,-1.527656934783294673e-01,-1.570933005714891806e-01,-1.567801568659348277e-01,-1.522158769922441479e-01,-1.438329442171522032e-01,-1.320888384110787683e-01,-1.174458277693304353e-01,-1.003582072580684326e-01,-8.126165555458442213e-02,-6.055992187951630967e-02,-3.862157422332757051e-02,-1.577645048681119988e-02,7.688438161579824737e-03,3.152251879508582988e-02,5.551011734495148175e-02,7.947036089048253871e-02,1.032484545105347706e-01,1.267169065538666928e-01,1.497701244412610322e-01,1.723178835194829617e-01,1.942836371659097949e-01,2.155995838542850151e-01,2.362035194975362629e-01,2.560415942133005274e-01,2.750624221959014903e-01,2.932170845911201695e-01,3.104571048578463888e-01,3.267327376355808610e-01,3.419967179141565339e-01,3.562015196129664218e-01,3.692992127513434752e-01,3.812432740158158140e-01,3.919885984952315994e-01,4.014935719000050085e-01,4.097203658599113396e-01,4.166325026784249985e-01,4.221998510203093247e-01,4.263975760957237071e-01,4.292069541260445931e-01,4.306132947494063501e-01,4.306098021197470871e-01,4.291969173606418053e-01,4.263823621310223189e-01,4.221797716865296479e-01,4.166085256069322895e-01,4.096955966802511284e-01,4.014702938741265825e-01,3.919655150404395272e-01,3.812212514069699409e-01,3.692809279093580699e-01,3.561887334342372924e-01,3.419899568195887696e-01,3.267327376355808610e-01,3.104659686112825057e-01,2.932375657172201500e-01,2.750969485471870257e-01,2.560910371910978256e-01,2.362695142422097661e-01,2.156860040194601424e-01,1.943948239994170990e-01,1.724570982846103107e-01,1.499399332742257229e-01,1.269192484236754126e-01,1.034854465795262968e-01,7.974646030348253589e-02,5.583005853226552517e-02,3.189024653225658312e-02,8.108456097886573843e-03,-1.530238783362847244e-02,-3.809150687484930131e-02,-5.997121084821799286e-02,-8.061283069515923216e-02,-9.964752121234710103e-02,-1.166733769668155674e-01,-1.312569686916447154e-01,-1.429456295488762407e-01,-1.512795322971527412e-01,-1.558026768913123306e-01,-1.560850242039322211e-01,-1.517396269325388403e-01,-1.424455829428978859e-01,-1.279695457901368627e-01,-1.081853510320911482e-01,-8.309062891342477997e-02,-5.281977944201798891e-02,-1.765062534246908399e-02,2.199132638068590495e-02,6.554566178394338749e-02,1.123252094120914535e-01,1.615420511952265770e-01,2.123312788580875576e-01,2.637836011380869650e-01,3.149775247684658552e-01,3.650110995490933874e-01,4.130321474702896012e-01,4.582595788024264039e-01,5.000002142209041267e-01,5.376606335626519240e-01,5.707490603606686363e-01,5.988701613517832811e-01,6.217174204019073613e-01,6.390652362549218424e-01,6.507562669819719758e-01,6.566913405429772865e-01
6.365502682515824517e-01,6.311082527148101917e-01,6.201395597258425596e-01,6.037218228267988707e-01,5.819902339253530954e-01,5.551434278146700763e-01,5.234589343341298218e-01,4.873006621025979257e-01,4.471306556511507324e-01,4.035135531337488146e-01,3.571156155192340975e-01,3.086968166663552893e-01,2.590902918707911340e-01,2.091856036281427578e-01,1.598940551554903777e-01,1.121187033277522005e-01,6.671968838273301117e-02,2.448160742662253142e-02,-1.391084873213799256e-02,-4.789935532309641530e-02,-7.706110927651366183e-02,-1.011215131846938675e-01,-1.199502000777954436e-01,-1.335530772552999679e-01,-1.420592886001941224e-01,-1.457037806635810284e-01,-1.448070865626078785e-01,-1.397539234259568275e-01,-1.309706224356830262e-01,-1.189071213154875295e-01,-1.040179359995789810e-01,-8.674831100215385504e-02,-6.752412726292789102e-02,-4.673952318754004409e-02,-2.475222698596724058e-02,-1.881927711622211064e-03,2.159299637087030987e-02,4.543049130064957808e-02,6.942125718038028026e-02,9.338971516727667677e-02,1.171869191142604905e-01,1.406888531067522763e-01,1.637935849516765074e-01,1.864124657643344563e-01,2.084679411973127117e-01,2.298923700637374168e-01,2.506236238416761353e-01,2.706049152386640344e-01,2.897847472693797499e-01,3.081101283109290989e-01,3.255291783370921621e-01,3.419899568195887696e-01,3.574416830724658212e-01,3.718345974177594826e-01,3.851161816592849618e-01,3.972358584097719358e-01,4.081464749299357209e-01,4.178037796025506623e-01,4.261659154609276356e-01,4.331950859018718347e-01,4.388589282367831856e-01,4.431306276530051491e-01,4.459901508139694215e-01,4.474216433827535866e-01,4.474186299663784894e-01,4.459814710067888655e-01,4.431177144902420650e-01,4.388417500642276536e-01,4.331753432115306168e-01,4.261467855431249063e-01,4.177863241610850764e-01,4.081298532707364757e-01,3.972205517133318153e-01,3.851042597344616070e-01,3.718283844233951640e-01,3.574416830724658212e-01,3.419967179141565339e-01,3.255441450123583991e-01,3.081359378437298346e-01,2.898247842562398091e-01,2.706594464489029406e-01,2.506932404108539458e-01,2.299816590203676014e-01,2.085803071963567845e-01,1.865517972323971208e-01,1.639629818322845267e-01,1.408889109613653545e-01,1.174188288748894138e-01,9.365756850593243144e-02,6.972930271155064474e-02,4.578345926297799906e-02,2.199487748009687493e-02,-1.430244015281800785e-03,-2.424935191206145646e-02,-4.618394125360225644e-02,-6.691453790151058456e-02,-8.608252966453733279e-02,-1.032959963195025921e-01,-1.181311618887264103e-01,-1.301448519322150332e-01,-1.388853022014586713e-01,-1.439037984366677847e-01,-1.447761307645833995e-01,-1.411197376398831693e-01,-1.326172300375674240e-01,-1.190371866312602833e-01,-1.002546486376161283e-01,-7.626726229207747565e-02,-4.720827814671224587e-02,-1.335337895865507107e-02,2.487574761538269286e-02,6.692433330584890427e-02,1.121133774168612263e-01,1.596661273129598158e-01,2.087320598989350628e-01,2.584201052261789755e-01,3.078304738315296163e-01,3.560862814137379928e-01,4.023631693863336523e-01,4.459093959483908520e-01,4.860618521233988076e-01,5.222566665150907284e-01,5.540301321386778000e-01,5.810125140001929367e-01,6.029195808521166100e-01,6.195442269478803610e-01,6.307434091455945691e-01,6.364276969641196047e-01
6.177591822733319304e-01,6.125412183547638278e-01,6.020223758101934664e-01,5.862721668061823266e-01,5.654133643353986827e-01,5.396274497139472714e-01,5.091722957404272165e-01,4.743880354633773777e-01,4.357106557218912712e-01,3.936772539540100979e-01,3.489258867408722153e-01,3.021885152035110877e-01,2.542713456851686260e-01,2.060390928334925320e-01,1.583814164836496730e-01,1.121826704767556748e-01,6.828782522164544844e-02,2.746988977499142948e-02,-9.594956237719998171e-03,-4.235441670155637439e-02,-7.038947318439170431e-02,-9.342746564074388971e-02,-1.113388318408397026e-01,-1.241287263977994826e-01,-1.319241960383834567e-01,-1.349573483038852828e-01,-1.335441025953514327e-01,-1.280638830437226261e-01,-1.189365129084194450e-01,-1.066041976854137374e-01,-9.151329420335230225e-02,-7.409979671997746209e-02,-5.477984757897047530e-02,-3.393772906480307938e-02,-1.192119489959964085e-02,1.095947936445895721e-02,3.443375273049298357e-02,5.826702185512999677e-02,8.225639769622716813e-02,1.062309071079710066e-01,1.300475815646819910e-01,1.535854304418649008e-01,1.767440910415842836e-01,1.994362555418973670e-01,2.215842038040420903e-01,2.431190919163839226e-01,2.639793443512417070e-01,2.841071254288181080e-01,3.034472343424283736e-01,3.219442989978062997e-01,3.395428326600438140e-01,3.561887334342372924e-01,3.718283844233951640e-01,3.864074616953132590e-01,3.998703203583318100e-01,4.121637987307167350e-01,4.232379679400253281e-01,4.330457502784668122e-01,4.415419377400269241e-01,4.486858045312658305e-01,4.544439890872808974e-01,4.587889077287599093e-01,4.616977771928674201e-01,4.631542162616000269e-01,4.631512816703349245e-01,4.616895525285684698e-01,4.587774417514935976e-01,4.544302427066497785e-01,4.486700499240612316e-01,4.415267593546019498e-01,4.330327033024161665e-01,4.232271580161750535e-01,4.121554028036058526e-01,3.998653644423626474e-01,3.864074616953132590e-01,3.718345974177594826e-01,3.562015196129664218e-01,3.395625172491065769e-01,3.219746044944571395e-01,3.034912238002931417e-01,2.841653261838814615e-01,2.640529737216752437e-01,2.432100806870778342e-01,2.216954360472982444e-01,1.995724640298135455e-01,1.769086673051987191e-01,1.537788617367539246e-01,1.302710147039078947e-01,1.064873564087065461e-01,8.254880899099248381e-02,5.860078980668959048e-02,3.481245913170027961e-02,1.138401253838594585e-02,-1.144952154378131581e-02,-3.341834138031174462e-02,-5.421176957324291834e-02,-7.348120527558421600e-02,-9.084442812702775427e-02,-1.058871223105910531e-01,-1.181755354512574741e-01,-1.272659594600611399e-01,-1.327172543393118076e-01,-1.341114341425537759e-01,-1.310709165307599733e-01,-1.232824400228480499e-01,-1.105171435673781843e-01,-9.265178071186142006e-02,-6.968440918336682444e-02,-4.174737263548422561e-02,-9.114287341475346693e-03,2.779697205706099794e-02,6.843736904512809360e-02,1.121361121759321122e-01,1.581275747175823199e-01,2.055754009843155927e-01,2.536062969897301400e-01,3.013413918309453265e-01,3.479278406609864760e-01,3.925676415010457276e-01,4.345367924934748771e-01,4.732003372020017196e-01,5.080219706898958520e-01,5.385640528731698851e-01,5.644805132015164872e-01,5.855076569879997805e-01,6.014553797343751285e-01,6.121938300397005150e-01,6.176422969718942113e-01
6.005053801261510671e-01,5.954928717589638154e-01,5.853880714789738704e-01,5.702534633016824728e-01,5.502002256146738546e-01,5.253948391657843331e-01,4.960769110347484911e-01,4.625650251023500914e-01,4.252714903307008854e-01,3.847080638815327802e-01,3.414863597476767154e-01,2.963119133480489609e-01,2.499656884952230484e-01,2.032888610024770060e-01,1.571503720399221038e-01,1.124163041078389824e-01,6.991736849722940406e-02,3.041515415864637362e-02,-5.422723748722546588e-03,-3.704967860223007392e-02,-6.405055963087136206e-02,-8.615457248640723265e-02,-1.032326633689706341e-01,-1.152889576588336240e-01,-1.224480503360894090e-01,-1.249386554981981590e-01,-1.230718449876206932e-01,-1.172212155006207013e-01,-1.078001552744467517e-01,-9.524297531686443108e-02,-7.998799050471916416e-02,-6.246236963249884866e-02,-4.307245087522915128e-02,-2.219335980892367388e-02,-1.633489693801948306e-04,2.271629816473819119e-02,4.618211846221242922e-02,7.000618304071792863e-02,9.399186003027182323e-02,1.179723259056260076e-01,1.418089050550150887e-01,1.653837879674568967e-01,1.885974674826798037e-01,2.113634234475370022e-01,2.336041951867002808e-01,2.552504949700988846e-01,2.762399602366514273e-01,2.965138206791380071e-01,3.160121157193032104e-01,3.346775947905484827e-01,3.524532000009799049e-01,3.692809279093580699e-01,3.851042597344616070e-01,3.998653644423626474e-01,4.135047416560553302e-01,4.259674744256756185e-01,4.372008026537201886e-01,4.471540775857931749e-01,4.557793981616526935e-01,4.630347864970474348e-01,4.688850186396678055e-01,4.733001429464991361e-01,4.762564217577960335e-01,4.777367395433458341e-01,4.777342263811590328e-01,4.762492406575518089e-01,4.732900373818438311e-01,4.688733718077315871e-01,4.630223815904201956e-01,4.557682290841711392e-01,4.471447841317797156e-01,4.371944824356148729e-01,4.259643077285488744e-01,4.135047416560553302e-01,3.998703203583318100e-01,3.851161816592849618e-01,3.692992127513434752e-01,3.524781008888737688e-01,3.347127107617922093e-01,3.160594507954357368e-01,2.965746549545826838e-01,2.763163066184972649e-01,2.553421411674179353e-01,2.337135497906217552e-01,2.114949201478566465e-01,1.887547173256507449e-01,1.655675345154463685e-01,1.420204236823536803e-01,1.182136556411705897e-01,9.426550192543459161e-02,7.031783354432263877e-02,4.653463746473107676e-02,2.311062514296224890e-02,2.737280365749938937e-04,-2.171400181384797179e-02,-4.255006442210174100e-02,-6.189512982092537641e-02,-7.937603557235206608e-02,-9.458786851152467534e-02,-1.071060335411146980e-01,-1.164950801788222634e-01,-1.223216489890006642e-01,-1.241741095623183355e-01,-1.216802391296596397e-01,-1.145311076047761389e-01,-1.025007091634932976e-01,-8.546784136893847972e-02,-6.343117340756521116e-02,-3.652241328552463528e-02,-5.013278828229772444e-03,3.068206183677091303e-02,7.002011552914666481e-02,1.123381697194361095e-01,1.568813847752039692e-01,2.028271158221599535e-01,2.493191005338530886e-01,2.954983757439038072e-01,3.405347604374640014e-01,3.836550103777938148e-01,4.241609308506326670e-01,4.614437092725296452e-01,4.949925020839600620e-01,5.243936169324001639e-01,5.493227010126418008e-01,5.695348524667878110e-01,5.848553662888491544e-01,5.951665322533585822e-01,6.003955176812354466e-01
5.848416909304035016e-01,5.800149624420072314e-01,5.702863825986241864e-01,5.557123908228760456e-01,5.363935303498976737e-01,5.124831211848004386e-01,4.842043812502936362e-01,4.518566753704504890e-01,4.158305311547394467e-01,3.766144378114120173e-01,3.347956816847101891e-01,2.910555954325673156e-01,2.461516993651002849e-01,2.009030861134704082e-01,1.561590911741319587e-01,1.127688213646393933e-01,7.154934647077482168e-02,3.325109848243812394e-02,-1.466321959242122830e-03,-3.206193494673925670e-02,-5.812433720947751681e-02,-7.938433082755125270e-02,-9.571313266278025367e-02,-1.071137303746354519e-01,-1.137079728225387498e-01,-1.157211071457879825e-01,-1.134592877869948779e-01,-1.072902943373890139e-01,-9.762098392732809771e-02,-8.487808289744691592e-02,-6.949167356839325294e-02,-5.188035303612537064e-02,-3.244126546314873849e-02,-1.154055483985416686e-02,1.049188090865982304e-02,3.336260364187637606e-02,5.681499645601206794e-02,8.062696981059502832e-02,1.046071770756213937e-01,1.285938258694301339e-01,1.524509268654128391e-01,1.760633957340331790e-01,1.993321212489007621e-01,2.221714446069853466e-01,2.445041955907640840e-01,2.662606619476832748e-01,2.873771948685828193e-01,3.077926624416420509e-01,3.274446894064197977e-01,3.462729352024211948e-01,3.642183834758441208e-01,3.812212514069699409e-01,3.972205517133318153e-01,4.121554028036058526e-01,4.259643077285488744e-01,4.385888668986126504e-01,4.499737205285470054e-01,4.600653157088459011e-01,4.688139002857525384e-01,4.761751208456246331e-01,4.821124584789089340e-01,4.865943685290545773e-01,4.895957635282144338e-01,4.910990581532672650e-01,4.910971436711832894e-01,4.895897646987492635e-01,4.865863855421252993e-01,4.821034635529173329e-01,4.761662584951409372e-01,4.688062717484342556e-01,4.600597226448996935e-01,4.499709856025617682e-01,4.385888668986126504e-01,4.259674744256756185e-01,4.121637987307167350e-01,3.972358584097719358e-01,3.812432740158158140e-01,3.642475512424283579e-01,3.463107183407885259e-01,3.274931924957655838e-01,3.078535229666812256e-01,2.874527022081991845e-01,2.663506623211020496e-01,2.446097296224962747e-01,2.222967985985349060e-01,1.994801746940311205e-01,1.762350864092496749e-01,1.526482965278432857e-01,1.288176552592972257e-01,1.048599574035904425e-01,8.091339347258497128e-02,5.713773275792277673e-02,3.372303427843803547e-02,1.089069466397063479e-02,-1.110411759204055215e-02,-3.196665234152362700e-02,-5.136631990950490945e-02,-6.893850574914495155e-02,-8.428718638697318966e-02,-9.699644880252833445e-02,-1.066386804928356469e-01,-1.127880989043745785e-01,-1.150393795958564169e-01,-1.130258123870646614e-01,-1.064430294985072578e-01,-9.506821529340925281e-02,-7.878248113873098646e-02,-5.758536195122587742e-02,-3.160814946221535138e-02,-1.120762037444933412e-03,3.346613397546605029e-02,7.161445165414193070e-02,1.126692129459740954e-01,1.558859039684961090e-01,2.004548755245707525e-01,2.455359120405091744e-01,2.902886457327440439e-01,3.339039955809539606e-01,3.756315589010625899e-01,4.147969070287018667e-01,4.508151565295008822e-01,4.831986575581623811e-01,5.115555344787452441e-01,5.355810635235229711e-01,5.550473941423916813e-01,5.697936679652855219e-01,5.797131382155384927e-01,5.847400866944951758e-01
5.708134770852666406e-01,5.661520002090867365e-01,5.567601885977353504e-01,5.426891065056338448e-01,5.240301208608286743e-01,5.009250311055666316e-01,4.735822816056725060e-01,4.422840442298650032e-01,4.074013044624109625e-01,3.694017136572824711e-01,3.288507236916018428e-01,2.864076777368609328e-01,2.428086099660049513e-01,1.988522765987141838e-01,1.553700080097684122e-01,1.131951302150611127e-01,7.313164639805336265e-02,3.591974215797222314e-02,2.211352923353615552e-03,-2.745798542710531365e-02,-5.268023175064229235e-02,-7.318770999492585361e-02,-8.885168944041765826e-02,-9.967378922063119262e-02,-1.057730424292913085e-01,-1.073709840363079593e-01,-1.047689353775922427e-01,-9.832883626893362816e-02,-8.845140165060172421e-02,-7.555603320324166816e-02,-6.006523440696298621e-02,-4.238958159018579863e-02,-2.291757826901630324e-02,-2.007260848273517695e-03,2.001937950967658253e-02,4.287608115512853146e-02,6.631227952804863435e-02,9.011125134054509545e-02,1.140862775348523428e-01,1.380794595738166208e-01,1.619572420023729364e-01,1.856066351417666738e-01,2.089295810593227998e-01,2.318400664544668643e-01,2.542620537338962095e-01,2.761249104013643318e-01,2.973628312051630473e-01,3.179123342414271747e-01,3.377095710288529062e-01,3.566919106023931363e-01,3.747981709136070094e-01,3.919655150404395272e-01,4.081298532707364757e-01,4.232271580161750535e-01,4.371944824356148729e-01,4.499709856025617682e-01,4.614975074486267204e-01,4.717175323772266893e-01,4.805806422623390972e-01,4.880411184007868997e-01,4.940600861539508060e-01,4.986038121689233549e-01,5.016468237168680844e-01,5.031718047931832416e-01,5.031703305628525413e-01,5.016420557367808897e-01,4.985974285345520229e-01,4.940534218109178255e-01,4.880354588573823094e-01,4.805762766905701255e-01,4.717150657095317001e-01,4.614975074486267204e-01,4.499737205285470054e-01,4.372008026537201886e-01,4.232379679400253281e-01,4.081464749299357209e-01,3.919885984952315994e-01,3.748285954131063136e-01,3.567302187030065852e-01,3.377568415901777144e-01,3.179709431931314612e-01,2.974342061436487938e-01,2.762100052621292434e-01,2.543614696417222376e-01,2.319571417489356691e-01,2.090660737532203939e-01,1.857640350889937508e-01,1.621374464493783307e-01,1.382827514708822036e-01,1.143153340146625396e-01,9.037021863376537567e-02,6.660355414445007227e-02,4.320098170865094289e-02,2.037809134242252185e-02,-1.615995189709451552e-03,-2.249351467726512510e-02,-4.193159696396264735e-02,-5.957337229300208037e-02,-7.503122357036318135e-02,-8.789727849955397687e-02,-9.775161913239571732e-02,-1.041757607755187109e-01,-1.067704962932367607e-01,-1.051746015080823327e-01,-9.908811522021210294e-02,-8.829144464758087452e-02,-7.266804467509757615e-02,-5.221841071343646945e-02,-2.707356939767180393e-02,2.498122999597285343e-03,3.608928226917385018e-02,7.316679905090950342e-02,1.130829643603163959e-01,1.551028728848677929e-01,1.984289387536080085e-01,2.422357978246338917e-01,2.857001416646198777e-01,3.280321865343438503e-01,3.685022911302695547e-01,4.064575256620628352e-01,4.413345815981983833e-01,4.726666893096194144e-01,5.000814766109442644e-01,5.232918276230265064e-01,5.420851218313913478e-01,5.563128043608145390e-01,5.658779398017088624e-01,5.707212422822749431e-01
5.584594860052334298e-01,5.539421185534081360e-01,5.448462211584512715e-01,5.312183283736402473e-01,5.131418155910409951e-01,4.907483330812141276e-01,4.642334416500659700e-01,4.338643197312563871e-01,3.999948611694748024e-01,3.630744143116544365e-01,3.236490640862683676e-01,2.823582743160955033e-01,2.399188508084932892e-01,1.971111608868909570e-01,1.547502573191650299e-01,1.136548240738193272e-01,7.461713375309386720e-02,3.836809182449485434e-02,5.552361231991653767e-03,-2.329928718525309250e-02,-4.778187502108721674e-02,-6.762907898550452046e-02,-8.271197378932981792e-02,-9.303087782461716415e-02,-9.870205689247768532e-02,-9.994351613553931202e-02,-9.705206829438850491e-02,-9.038419138165920685e-02,-8.033469072117327414e-02,-6.731632539670329152e-02,-5.174412526429250647e-02,-3.402136109193065749e-02,-1.452864011827159629e-02,6.383510850312745788e-03,2.839965869856087011e-02,5.123987912605798556e-02,7.465891031733917771e-02,9.844459235259250818e-02,1.224145528945541628e-01,1.464142164275585856e-01,1.703125359685486728e-01,1.939976148145206025e-01,2.173725358587006440e-01,2.403509016345850569e-01,2.628562971682413263e-01,2.848183260096845970e-01,3.061681378095926220e-01,3.268415218458358140e-01,3.467732058178398802e-01,3.658974178971732272e-01,3.841517120860657997e-01,4.014702938741265825e-01,4.177863241610850764e-01,4.330327033024161665e-01,4.471447841317797156e-01,4.600597226448996935e-01,4.717150657095317001e-01,4.820530018861290955e-01,4.910212967290448205e-01,4.985725574391040027e-01,5.046649940684915236e-01,5.092647673187400414e-01,5.123467187508765619e-01,5.138917209198723413e-01,5.138899915406938135e-01,5.123421551034823551e-01,5.092601643256102761e-01,5.046604344254888019e-01,4.985686500904336071e-01,4.910188474816834514e-01,4.820530018861290955e-01,4.717175323772266893e-01,4.600653157088459011e-01,4.471540775857931749e-01,4.330457502784668122e-01,4.178037796025506623e-01,4.014935719000050085e-01,3.841821539870124980e-01,3.659350314130875859e-01,3.468184306825179419e-01,3.268969449516987424e-01,3.062345585495052092e-01,2.848959362708285425e-01,2.629466624007079645e-01,2.404560749546789111e-01,2.174944762401906928e-01,1.941382868704835118e-01,1.704733720984137335e-01,1.465952418305960236e-01,1.226178727293643078e-01,9.867359151631660552e-02,7.491571197583368757e-02,5.152607555949373364e-02,2.871537578900529297e-02,6.727423384532471573e-03,-1.415638730293267145e-02,-3.362018389924514850e-02,-5.131422197646884342e-02,-6.685845545905522158e-02,-7.985231635780110082e-02,-8.988278886494072140e-02,-9.653808072337710655e-02,-9.942467595817561232e-02,-9.818657410244213679e-02,-9.252812965722512217e-02,-8.223298163258618843e-02,-6.718699593962185190e-02,-4.739169905397488947e-02,-2.297803513545204623e-02,5.787103251833514150e-03,3.849928690232218287e-02,7.463002970820298287e-02,1.135382862034930440e-01,1.544978931044909132e-01,1.967222458407604790e-01,2.393993390280400035e-01,2.817212065081662331e-01,3.229152969991844202e-01,3.622704537199012975e-01,3.991528213138195724e-01,4.330182243904232564e-01,4.634182655997705069e-01,4.899978707723136040e-01,5.124853681493277691e-01,5.306815993129561093e-01,5.444488236639415391e-01,5.536986877003471363e-01,5.583775648897670862e-01
5.478125180486443924e-01,5.434176584457190984e-01,5.345755612743516849e-01,5.213291017402070793e-01,5.037548040666877114e-01,4.819758096214741272e-01,4.561766186882323382e-01,4.266118255496564871e-01,3.936205260815768270e-01,3.576362016664091925e-01,3.191878890602595220e-01,2.788978143784959229e-01,2.374659654911397411e-01,1.956564699804914653e-01,1.542698422205148745e-01,1.141119776325467683e-01,7.596484729246810730e-02,4.055073604541803434e-02,8.507998860466159385e-03,-1.963693432989543908e-02,-4.348192577501208689e-02,-6.276175281374207771e-02,-7.734724547952964713e-02,-8.723737671161302387e-02,-9.254578046613914921e-02,-9.348704752395065043e-02,-9.035380869303821783e-02,-8.349751892231438433e-02,-7.330771299558591636e-02,-6.019110584273335007e-02,-4.455628062692085223e-02,-2.679983826831744409e-02,-7.295481348762677953e-03,1.361287763231189274e-02,3.561570465858210355e-02,5.843858007774827001e-02,8.184068440340297457e-02,1.056139959573130227e-01,1.295796865239111639e-01,1.535856898802308024e-01,1.775033220324928607e-01,2.012216278863974139e-01,2.246439691238180103e-01,2.476846447197118550e-01,2.702658477484618516e-01,2.923167464166454010e-01,3.137680647264460276e-01,3.345527869918072383e-01,3.546043762006831912e-01,3.738564551487684184e-01,3.922427327388504636e-01,4.096955966802511284e-01,4.261467855431249063e-01,4.415267593546019498e-01,4.557682290841711392e-01,4.688062717484342556e-01,4.805762766905701255e-01,4.910188474816834514e-01,5.000803056514513401e-01,5.077123111609580519e-01,5.138703731668101682e-01,5.185203393194086630e-01,5.216361025858446965e-01,5.231987911997890706e-01,5.231973428967080508e-01,5.216329227774991750e-01,5.185173892377292759e-01,5.138673681890111311e-01,5.077102020983090824e-01,5.000803056514513401e-01,4.910212967290448205e-01,4.805806422623390972e-01,4.688139002857525384e-01,4.557793981616526935e-01,4.415419377400269241e-01,4.261659154609276356e-01,4.097203658599113396e-01,3.922725404590323706e-01,3.738926488614850996e-01,3.546474878051100177e-01,3.346034155635067009e-01,3.138277736132550899e-01,2.923852646163993541e-01,2.703446925875425677e-01,2.477758318698732865e-01,2.247495705930901977e-01,2.013435855754153181e-01,1.776423548277108466e-01,1.537418966843944190e-01,1.297544845848079831e-01,1.058105574161629647e-01,8.206103317802160291e-02,5.868407151410792721e-02,3.588636849022464048e-02,1.390706206456115979e-02,-6.977877556778366852e-03,-2.645842582995783232e-02,-4.419103559968107220e-02,-5.980239312420110309e-02,-7.289834386683935463e-02,-8.307230394585474187e-02,-8.991851784406890147e-02,-9.304868999988968881e-02,-9.211166013403726538e-02,-8.681562704829559607e-02,-7.694725718700112793e-02,-6.239456396272657912e-02,-4.316010361084465785e-02,-1.937476104900781593e-02,8.695771707706967391e-03,4.064967042974387823e-02,7.596250633284284959e-02,1.139990760644309375e-01,1.540409732528758013e-01,1.953111905954045824e-01,2.370095312726334669e-01,2.783413803319945146e-01,3.185492841227244298e-01,3.569381308203105618e-01,3.928906187498171221e-01,4.258791470787031130e-01,4.554712166648897664e-01,4.813266633829584862e-01,5.031871662128537537e-01,5.208651443158061056e-01,5.342321395751667978e-01,5.432072401300445108e-01,5.477417517306832906e-01
5.388995592568335269e-01,5.346050669927677745e-01,5.259736111405999281e-01,5.130452874481079562e-01,4.958909013788570519e-01,4.746267156178873847e-01,4.494280902351590612e-01,4.205391044515351950e-01,3.882863046096503012e-01,3.530898353233453690e-01,3.154645298757827732e-01,2.760179896662293686e-01,2.354357787935583701e-01,1.944681133254704264e-01,1.539032173596410757e-01,1.145360898641172298e-01,7.713945558694490501e-02,4.242843120459838246e-02,1.103588459363891161e-02,-1.651569560212351462e-02,-3.982641592251923157e-02,-5.863200274572477610e-02,-7.280299838205905871e-02,-8.233714574589612312e-02,-8.734575963808310917e-02,-8.804043907328207297e-02,-8.471021243056497951e-02,-7.770214561089971994e-02,-6.740102405325387736e-02,-5.420835889665909235e-02,-3.852676340505922781e-02,-2.074711274950402640e-02,-1.237188538851796693e-03,1.966468420739886369e-02,4.165366308752993518e-02,6.445967188852819163e-02,8.784597163584351165e-02,1.116077677510531885e-01,1.355695722545817716e-01,1.595817581423375486e-01,1.835169073605982248e-01,2.072648775327792237e-01,2.307290976352760481e-01,2.538239432638818016e-01,2.764715792774836700e-01,2.985997343849078334e-01,3.201395051221140875e-01,3.410215111741479177e-01,3.611776220056697184e-01,3.805399656443597678e-01,3.990398417334404257e-01,4.166085256069322895e-01,4.331753432115306168e-01,4.486700499240612316e-01,4.630223815904201956e-01,4.761662584951409372e-01,4.880354588573823094e-01,4.985686500904336071e-01,5.077102020983090824e-01,5.154099992685132747e-01,5.216245014870821706e-01,5.263183627354095506e-01,5.294632390216520434e-01,5.310403581794815864e-01,5.310392586576710983e-01,5.294614480704922244e-01,5.263164111027833769e-01,5.216235567275759877e-01,5.154099992685132747e-01,5.077123111609580519e-01,4.985725574391040027e-01,4.880411184007868997e-01,4.761751208456246331e-01,4.630347864970474348e-01,4.486858045312658305e-01,4.331950859018718347e-01,4.166325026784249985e-01,3.990679472558298357e-01,3.805726095165482548e-01,3.612156332765152911e-01,3.410654832927519919e-01,3.201908964789765832e-01,2.986584591189682669e-01,2.765380637947316700e-01,2.539002151138305408e-01,2.308169901295116233e-01,2.073662263498903258e-01,1.836326860839818664e-01,1.597117800435086110e-01,1.357148430271166717e-01,1.117705738936365378e-01,8.802784856882794884e-02,6.466215751780168830e-02,4.187683826890520322e-02,1.990724573300894917e-02,-9.753059786987705593e-04,-2.046591789171259279e-02,-3.822640662787080146e-02,-5.388919413482540222e-02,-6.706559697752823013e-02,-7.735436074725043909e-02,-8.435488114031386431e-02,-8.768334568966906772e-02,-8.699282553931197981e-02,-8.199503753728265565e-02,-7.247937094443557271e-02,-5.833591127856152525e-02,-3.956814863622071243e-02,-1.630702925935167968e-02,1.118279932971688595e-02,4.250177575751479253e-02,7.712891775166497155e-02,1.144341150246077632e-01,1.537055080798097606e-01,1.941743414227232734e-01,2.350503613215551013e-01,2.755502915712213508e-01,3.149293779360959888e-01,3.525059843381512792e-01,3.876767077646690041e-01,4.199278565856161549e-01,4.488401662936638559e-01,4.740860527349894937e-01,4.954183045760771620e-01,5.126591303884424633e-01,5.256879034930506123e-01,5.344299068422344590e-01,5.388407045382450633e-01
5.317425037971048596e-01,5.275258851408608507e-01,5.190612596871346796e-01,5.063864826900328353e-01,4.895680975280356506e-01,4.687168361552664919e-01,4.440007163471761942e-01,4.156554113654067351e-01,3.839975286953176692e-01,3.494365854341054956e-01,3.124759101140739403e-01,2.737110488301368605e-01,2.338159525354370771e-01,1.935294925432060609e-01,1.536297385391662829e-01,1.149024431460929918e-01,7.811291145799259539e-02,4.397027417263643656e-02,1.310256177576718528e-02,-1.397079177601767697e-02,-3.685180408946564512e-02,-5.527702528027589324e-02,-6.911658121195785043e-02,-7.836709156262600118e-02,-8.313785343865731647e-02,-8.363783153522774683e-02,-8.015296115706860292e-02,-7.302668173970516818e-02,-6.263987295513118170e-02,-4.938971518234325231e-02,-3.367415026568210124e-02,-1.587918827685541601e-02,3.632096573355170221e-03,2.452596958663377791e-02,4.650160146890414126e-02,6.929240300937067332e-02,9.266496877320662406e-02,1.164172995239454167e-01,1.403760403342459995e-01,1.643937317888060079e-01,1.883434808596007315e-01,2.121160062774691824e-01,2.356150885608485623e-01,2.587550099264603887e-01,2.814581712584072193e-01,3.036515874645999702e-01,3.252646029913250914e-01,3.462267424927887305e-01,3.664688266330244915e-01,3.859217484202019932e-01,4.045155423463882016e-01,4.221797716865296479e-01,4.388417500642276536e-01,4.544302427066497785e-01,4.688733718077315871e-01,4.821034635529173329e-01,4.940534218109178255e-01,5.046604344254888019e-01,5.138673681890111311e-01,5.216235567275759877e-01,5.278843085471294216e-01,5.326134517966920612e-01,5.357820839767413190e-01,5.373711550290494188e-01,5.373706552791759350e-01,5.357811454552745545e-01,5.326127310967763151e-01,5.278843085471294216e-01,5.216245014870821706e-01,5.138703731668101682e-01,5.046649940684915236e-01,4.940600861539508060e-01,4.821124584789089340e-01,4.688850186396678055e-01,4.544439890872808974e-01,4.388589282367831856e-01,4.221998510203093247e-01,4.045395197024674871e-01,3.859487054509287418e-01,3.664996895741978733e-01,3.462621884423811025e-01,3.253055184490989404e-01,3.036987765891012714e-01,2.815114268695708688e-01,2.588159123372406611e-01,2.356847433289885885e-01,2.121959312230501382e-01,1.884347610116918759e-01,1.644960187223603043e-01,1.404903858040995601e-01,1.165454274108128629e-01,9.280808761427294939e-02,6.945178989738565178e-02,4.667706192390141950e-02,2.471628468617836916e-02,3.837068316684622005e-03,-1.565962951211474774e-02,-3.343991279527358529e-02,-4.914090688052397127e-02,-6.237831909901103700e-02,-7.275549608850440109e-02,-7.987608365890253026e-02,-8.336004176375411134e-02,-8.286403910190642819e-02,-7.810257940428755319e-02,-6.886738838652206596e-02,-5.505012707493506241e-02,-3.665510408339400783e-02,-1.381328978563090004e-02,1.321153306845701536e-02,4.402154899501908858e-02,7.809864205215433230e-02,1.148167078305988298e-01,1.534692415323206660e-01,1.932940790212569482e-01,2.335090390298546481e-01,2.733399083900280857e-01,3.120521393237538632e-01,3.489749301997306929e-01,3.835159530859328925e-01,4.151727623284529045e-01,4.435366617405520628e-01,4.682902723372137643e-01,4.891953729126896633e-01,5.060820519600071066e-01,5.188360444748241207e-01,5.273877296016280525e-01,5.316961203063925723e-01
5.263585289942938061e-01,5.221970288131672078e-01,5.138548123500044085e-01,5.013681194052992396e-01,4.848003454541185420e-01,4.642581655979682864e-01,4.399042073423515831e-01,4.119681017190970351e-01,3.807589577519792101e-01,3.466782090304576514e-01,3.102204000900741221e-01,2.719719595131380174e-01,2.325979079332114452e-01,1.928281782045786485e-01,1.534329489375636513e-01,1.151909746616581742e-01,7.886179252116676253e-02,4.514969096440779595e-02,1.467924843618106934e-02,-1.203254483752402848e-02,-3.458922095960303977e-02,-5.272777456974608867e-02,-6.631802987394053162e-02,-7.535575752645229386e-02,-7.994866620614970998e-02,-8.030373373055965658e-02,-7.670458469269192392e-02,-6.949181944847282466e-02,-5.904321483251351310e-02,-4.575256859291698674e-02,-3.001394492613940201e-02,-1.220963166424837709e-02,7.300939986095045242e-03,2.818738406924126139e-02,5.015175204648869567e-02,7.292995152067760500e-02,9.629119674764297088e-02,1.200356363949168781e-01,1.439917232004859216e-01,1.680135175552095461e-01,1.919746246234126374e-01,2.157659433588605680e-01,2.392920925030210810e-01,2.624667854454969529e-01,2.852127544854852204e-01,3.074566640737259604e-01,3.291257799354525559e-01,3.501497223958693894e-01,3.704575827991476444e-01,3.899794224229680140e-01,4.086453765570610130e-01,4.263823621310223189e-01,4.431177144902420650e-01,4.587774417514935976e-01,4.732900373818438311e-01,4.865863855421252993e-01,4.985974285345520229e-01,5.092601643256102761e-01,5.185173892377292759e-01,5.263164111027833769e-01,5.326127310967763151e-01,5.373683935486042174e-01,5.405557451261415736e-01,5.421545408364067953e-01,5.421540559565016792e-01,5.405548556498871449e-01,5.373683935486042174e-01,5.326134517966920612e-01,5.263183627354095506e-01,5.185203393194086630e-01,5.092647673187400414e-01,4.986038121689233549e-01,4.865943685290545773e-01,4.733001429464991361e-01,4.587889077287599093e-01,4.431306276530051491e-01,4.263975760957237071e-01,4.086629841853408607e-01,3.899995396819804228e-01,3.704796928286526736e-01,3.501751729028796944e-01,3.291552955275989234e-01,3.074906056918109698e-01,2.852513778997831650e-01,2.625107920222404800e-01,2.393421595210725172e-01,2.158235050036694247e-01,1.920404911658408764e-01,1.680873631633232890e-01,1.440743563964304030e-01,1.201279973335829254e-01,9.639403576028371390e-02,7.304438753368458492e-02,5.027768164227097714e-02,2.832408983347534104e-02,7.448350712621731873e-03,-1.205173675300841296e-02,-2.984563876280788008e-02,-4.557405366320210760e-02,-5.885599323323731369e-02,-6.929809144995147108e-02,-7.650716269385782198e-02,-8.010599021400821584e-02,-7.975396043229920906e-02,-7.516788144944541727e-02,-6.614125125602754451e-02,-5.256709870110398697e-02,-3.445036507913812329e-02,-1.192201627605982139e-02,1.475474465570414395e-02,4.518357365972747175e-02,7.884841444416679224e-02,1.151262467276978896e-01,1.533145448811978895e-01,1.926560751537635952e-01,2.323746550317764559e-01,2.717028112033972320e-01,3.099136416098673408e-01,3.463443540928494713e-01,3.804109556366626066e-01,4.116194280027229979e-01,4.395690197706585423e-01,4.639500686631947701e-01,4.845311531770306601e-01,5.011483497188891079e-01,5.136923249711173867e-01,5.220973458616384733e-01,5.263250581931515626e-01
5.227600084056689411e-01,5.186308933232339768e-01,5.103662439675105134e-01,4.980013386515338425e-01,4.815976782910951215e-01,4.612595278113218455e-01,4.371460810978504696e-01,4.094829498975087745e-01,3.785742007760575234e-01,3.448158390532398698e-01,3.086965470866402939e-01,2.707964244813183541e-01,2.317742389724912755e-01,1.923538654383207813e-01,1.533000404648845461e-01,1.153866413508808364e-01,7.936901479251901037e-02,4.594829189903748556e-02,1.574646028782922258e-02,-1.072133178240619600e-02,-3.305947290616018108e-02,-5.100539739838438891e-02,-6.442864828608207972e-02,-7.332424463652387203e-02,-7.779878141951712678e-02,-7.805777981332084892e-02,-7.438316309566062046e-02,-6.711367169933168952e-02,-5.662496637600611393e-02,-4.330853810463963782e-02,-2.755597906610773862e-02,-9.746924655885891298e-03,9.761640730772569441e-03,3.064162476275100744e-02,5.259717400380736763e-02,7.536596054518440724e-02,9.871877094113301609e-02,1.224574332898384910e-01,1.464112990758508204e-01,1.704352271634377303e-01,1.944036532402577677e-01,2.182073243543243279e-01,2.417514188306597589e-01,2.649500190665747823e-01,2.877248205150664262e-01,3.100025103087915568e-01,3.317092914612658205e-01,3.527745608959946821e-01,3.731270167574507468e-01,3.926964434797639569e-01,4.114109393374576484e-01,4.291969173606418053e-01,4.459814710067888655e-01,4.616895525285684698e-01,4.762492406575518089e-01,4.895897646987492635e-01,5.016420557367808897e-01,5.123421551034823551e-01,5.216329227774991750e-01,5.294614480704922244e-01,5.357811454552745545e-01,5.405548556498871449e-01,5.437545597698232314e-01,5.453594686039764383e-01,5.453597130499900913e-01,5.437545597698232314e-01,5.405557451261415736e-01,5.357820839767413190e-01,5.294632390216520434e-01,5.216361025858446965e-01,5.123467187508765619e-01,5.016468237168680844e-01,4.895957635282144338e-01,4.762564217577960335e-01,4.616977771928674201e-01,4.459901508139694215e-01,4.292069541260445931e-01,4.114216463981108518e-01,3.927087012454535397e-01,3.731406762848337166e-01,3.527898756809406677e-01,3.317267704071298340e-01,3.100219999814584071e-01,2.877474976465350665e-01,2.649760324528358524e-01,2.417815697696141797e-01,2.182421044328179960e-01,1.944432317067708027e-01,1.704794679477288355e-01,1.464606509362909037e-01,1.225126750692453470e-01,9.878054004354908102e-02,7.543485637657454390e-02,5.267302622809211243e-02,3.072381662914835943e-02,9.849972485952207535e-03,-9.652531829260624363e-03,-2.745543482529910762e-02,-4.320180511977866900e-02,-5.651277255697095825e-02,-6.699735649542049032e-02,-7.426449764851383861e-02,-7.793891766709748481e-02,-7.768193958705182922e-02,-7.321176045752508799e-02,-6.432312905765513733e-02,-5.090983671264837085e-02,-3.297718603374732993e-02,-1.065617344221436724e-02,1.579052367586086802e-02,4.596737962592101212e-02,7.935971013446874167e-02,1.153464589884265479e-01,1.532275995551799497e-01,1.922491124411038754e-01,2.316386881350922522e-01,2.706332548628154200e-01,3.085107993176734453e-01,3.446138516975025823e-01,3.783637736265887952e-01,4.092722297517781271e-01,4.369435985666143551e-01,4.610734839591543732e-01,4.814351335307094359e-01,4.978686300727019898e-01,5.102681393442480839e-01,5.185706674155881046e-01,5.227397896263141774e-01
5.209553552590193704e-01,5.168356649834890959e-01,5.086034214941435039e-01,4.962936568335152288e-01,4.799672793261748893e-01,4.597275079865994485e-01,4.357318637382689985e-01,4.082041457518386096e-01,3.774459792275024483e-01,3.438505820364525789e-01,3.079036195740343373e-01,2.701817320116930432e-01,2.313404977890201053e-01,1.921003571604558147e-01,1.532230456161869370e-01,1.154796611128858785e-01,7.962335415896859558e-02,4.635338650913922720e-02,1.629023449264366263e-02,-1.005176577898225787e-02,-3.227759613133684979e-02,-5.012483693907654470e-02,-6.346274196110357479e-02,-7.228602734771527594e-02,-7.670064986955082986e-02,-7.691138308636880083e-02,-7.319937051246938609e-02,-6.590233190038929934e-02,-5.539476268104692736e-02,-4.206687143732779077e-02,-2.630873463415639435e-02,-8.498542733093472634e-03,1.100794947738847895e-02,3.188373144277534266e-02,5.383378359502444255e-02,7.659657394835051036e-02,9.994380825426674164e-02,1.236781953092958020e-01,1.476299820113666783e-01,1.716541687512034287e-01,1.956257052769103666e-01,2.194352095958720383e-01,2.429874790576462829e-01,2.661974723882138960e-01,2.889861038406991156e-01,3.112797915144369654e-01,3.330057804272001931e-01,3.540916475177908751e-01,3.744668617806894417e-01,3.940600807780896275e-01,4.127990434142816412e-01,4.306098021197470871e-01,4.474186299663784894e-01,4.631512816703349245e-01,4.777342263811590328e-01,4.910971436711832894e-01,5.031703305628525413e-01,5.138899915406938135e-01,5.231973428967080508e-01,5.310392586576710983e-01,5.373706552791759350e-01,5.421540559565016792e-01,5.453597130499900913e-01,5.469675134425813212e-01,5.469675134425813212e-01,5.453594686039764383e-01,5.421545408364067953e-01,5.373711550290494188e-01,5.310403581794815864e-01,5.231987911997890706e-01,5.138917209198723413e-01,5.031718047931832416e-01,4.910990581532672650e-01,4.777367395433458341e-01,4.631542162616000269e-01,4.474216433827535866e-01,4.306132947494063501e-01,4.128027301962049478e-01,3.940643201107008053e-01,3.744714967498339320e-01,3.540966194634620479e-01,3.330115112819385104e-01,3.112860660037597427e-01,2.889935442201618798e-01,2.662060179767422596e-01,2.429973849938562580e-01,2.194467563979713987e-01,1.956388205851027351e-01,1.716689843144081351e-01,1.476464468503877470e-01,1.236965538388830055e-01,9.996418461001610467e-02,7.661921484290701301e-02,5.385876296102765082e-02,3.191094047053866234e-02,1.103742461671686215e-02,-8.466903986715124120e-03,-2.627501133260068400e-02,-4.203116708333709539e-02,-5.535745587496876396e-02,-6.586384889718033264e-02,-7.316024304074630891e-02,-7.687224455600016881e-02,-7.666207468099628386e-02,-7.224875505485783833e-02,-6.342759772785200312e-02,-5.009280942013560889e-02,-3.224990947735761893e-02,-1.002972253579059725e-02,1.630522887330698723e-02,4.635992762251817112e-02,7.962034683703222981e-02,1.154662038602793928e-01,1.531986770635143102e-01,1.920651051244135488e-01,2.312948902697655740e-01,2.701268529970519694e-01,3.078411764260238215e-01,3.437827748237793912e-01,3.773754363550665403e-01,4.081335748354320003e-01,4.356641152438243125e-01,4.596653372490493439e-01,4.799130073283208731e-01,4.962493496231843437e-01,5.085706188430947350e-01,5.168154587487805429e-01,5.209485639272202206e-01
5.209485639272202206e-01,5.168154587487805429e-01,5.085706188430947350e-01,4.962493496231843437e-01,4.799130073283208731e-01,4.596653372490493439e-01,4.356641152438243125e-01,4.081335748354320003e-01,3.773754363550665403e-01,3.437827748237793912e-01,3.078411764260238215e-01,2.701268529970519694e-01,2.312948902697655740e-01,1.920651051244135488e-01,1.531986770635143102e-01,1.154662038602793928e-01,7.962034683703222981e-02,4.635992762251817112e-02,1.630522887330698723e-02,-1.002972253579059725e-02,-3.224990947735761893e-02,-5.009280942013560889e-02,-6.342759772785200312e-02,-7.224875505485783833e-02,-7.666207468099628386e-02,-7.687224455600016881e-02,-7.316024304074630891e-02,-6.586384889718033264e-02,-5.535745587496876396e-02,-4.203116708333709539e-02,-2.627501133260068400e-02,-8.466903986715124120e-03,1.103742461671686215e-02,3.191094047053866234e-02,5.385876296102765082e-02,7.661921484290701301e-02,9.996418461001610467e-02,1.236965538388830055e-01,1.476464468503877470e-01,1.716689843144081351e-01,1.956388205851027351e-01,2.194467563979713987e-01,2.429973849938562580e-01,2.662060179767422596e-01,2.889935442201618798e-01,3.112860660037597427e-01,3.330115112819385104e-01,3.540966194634620479e-01,3.744714967498339320e-01,3.940643201107008053e-01,4.128027301962049478e-01,4.306132947494063501e-01,4.474216433827535866e-01,4.631542162616000269e-01,4.777367395433458341e-01,4.910990581532672650e-01,5.031718047931832416e-01,5.138917209198723413e-01,5.231987911997890706e-01,5.310403581794815864e-01,5.373711550290494188e-01,5.421545408364067953e-01,5.453594686039764383e-01,5.469675134425813212e-01,5.469675134425813212e-01,5.453597130499900913e-01,5.421540559565016792e-01,5.373706552791759350e-01,5.310392586576710983e-01,5.231973428967080508e-01,5.138899915406938135e-01,5.031703305628525413e-01,4.910971436711832894e-01,4.777342263811590328e-01,4.631512816703349245e-01,4.474186299663784894e-01,4.306098021197470871e-01,4.127990434142816412e-01,3.940600807780896275e-01,3.744668617806894417e-01,3.540916475177908751e-01,3.330057804272001931e-01,3.112797915144369654e-01,2.889861038406991156e-01,2.661974723882138960e-01,2.429874790576462829e-01,2.194352095958720383e-01,1.956257052769103666e-01,1.716541687512034287e-01,1.476299820113666783e-01,1.236781953092958020e-01,9.994380825426674164e-02,7.659657394835051036e-02,5.383378359502444255e-02,3.188373144277534266e-02,1.100794947738847895e-02,-8.498542733093472634e-03,-2.630873463415639435e-02,-4.206687143732779077e-02,-5.539476268104692736e-02,-6.590233190038929934e-02,-7.319937051246938609e-02,-7.691138308636880083e-02,-7.670064986955082986e-02,-7.228602734771527594e-02,-6.346274196110357479e-02,-5.012483693907654470e-02,-3.227759613133684979e-02,-1.005176577898225787e-02,1.629023449264366263e-02,4.635338650913922720e-02,7.962335415896859558e-02,1.154796611128858785e-01,1.532230456161869370e-01,1.921003571604558147e-01,2.313404977890201053e-01,2.701817320116930432e-01,3.079036195740343373e-01,3.438505820364525789e-01,3.774459792275024483e-01,4.082041457518386096e-01,4.357318637382689985e-01,4.597275079865994485e-01,4.799672793261748893e-01,4.962936568335152288e-01,5.086034214941435039e-01,5.168356649834890959e-01,5.209553552590193704e-01
5.227397896263141774e-01,5.185706674155881046e-01,5.102681393442480839e-01,4.978686300727019898e-01,4.814351335307094359e-01,4.610734839591543732e-01,4.369435985666143551e-01,4.092722297517781271e-01,3.783637736265887952e-01,3.446138516975025823e-01,3.085107993176734453e-01,2.706332548628154200e-01,2.316386881350922522e-01,1.922491124411038754e-01,1.532275995551799497e-01,1.153464589884265479e-01,7.935971013446874167e-02,4.596737962592101212e-02,1.579052367586086802e-02,-1.065617344221436724e-02,-3.297718603374732993e-02,-5.090983671264837085e-02,-6.432312905765513733e-02,-7.321176045752508799e-02,-7.768193958705182922e-02,-7.793891766709748481e-02,-7.426449764851383861e-02,-6.699735649542049032e-02,-5.651277255697095825e-02,-4.320180511977866900e-02,-2.745543482529910762e-02,-9.652531829260624363e-03,9.849972485952207535e-03,3.072381662914835943e-02,5.267302622809211243e-02,7.543485637657454390e-02,9.878054004354908102e-02,1.225126750692453470e-01,1.464606509362909037e-01,1.704794679477288355e-01,1.944432317067708027e-01,2.182421044328179960e-01,2.417815697696141797e-01,2.649760324528358524e-01,2.877474976465350665e-01,3.100219999814584071e-01,3.317267704071298340e-01,3.527898756809406677e-01,3.731406762848337166e-01,3.927087012454535397e-01,4.114216463981108518e-01,4.292069541260445931e-01,4.459901508139694215e-01,4.616977771928674201e-01,4.762564217577960335e-01,4.895957635282144338e-01,5.016468237168680844e-01,5.123467187508765619e-01,5.216361025858446965e-01,5.294632390216520434e-01,5.357820839767413190e-01,5.405557451261415736e-01,5.437545597698232314e-01,5.453597130499900913e-01,5.453594686039764383e-01,5.437545597698232314e-01,5.405548556498871449e-01,5.357811454552745545e-01,5.294614480704922244e-01,5.216329227774991750e-01,5.123421551034823551e-01,5.016420557367808897e-01,4.895897646987492635e-01,4.762492406575518089e-01,4.616895525285684698e-01,4.459814710067888655e-01,4.291969173606418053e-01,4.114109393374576484e-01,3.926964434797639569e-01,3.731270167574507468e-01,3.527745608959946821e-01,3.317092914612658205e-01,3.100025103087915568e-01,2.877248205150664262e-01,2.649500190665747823e-01,2.417514188306597589e-01,2.182073243543243279e-01,1.944036532402577677e-01,1.704352271634377303e-01,1.464112990758508204e-01,1.224574332898384910e-01,9.871877094113301609e-02,7.536596054518440724e-02,5.259717400380736763e-02,3.064162476275100744e-02,9.761640730772569441e-03,-9.746924655885891298e-03,-2.755597906610773862e-02,-4.330853810463963782e-02,-5.662496637600611393e-02,-6.711367169933168952e-02,-7.438316309566062046e-02,-7.805777981332084892e-02,-7.779878141951712678e-02,-7.332424463652387203e-02,-6.442864828608207972e-02,-5.100539739838438891e-02,-3.305947290616018108e-02,-1.072133178240619600e-02,1.574646028782922258e-02,4.594829189903748556e-02,7.936901479251901037e-02,1.153866413508808364e-01,1.533000404648845461e-01,1.923538654383207813e-01,2.317742389724912755e-01,2.707964244813183541e-01,3.086965470866402939e-01,3.448158390532398698e-01,3.785742007760575234e-01,4.094829498975087745e-01,4.371460810978504696e-01,4.612595278113218455e-01,4.815976782910951215e-01,4.980013386515338425e-01,5.103662439675105134e-01,5.186308933232339768e-01,5.227600084056689411e-01
5.263250581931515626e-01,5.220973458616384733e-01,5.136923249711173867e-01,5.011483497188891079e-01,4.845311531770306601e-01,4.639500686631947701e-01,4.395690197706585423e-01,4.116194280027229979e-01,3.804109556366626066e-01,3.463443540928494713e-01,3.099136416098673408e-01,2.717028112033972320e-01,2.323746550317764559e-01,1.926560751537635952e-01,1.533145448811978895e-01,1.151262467276978896e-01,7.884841444416679224e-02,4.518357365972747175e-02,1.475474465570414395e-02,-1.192201627605982139e-02,-3.445036507913812329e-02,-5.256709870110398697e-02,-6.614125125602754451e-02,-7.516788144944541727e-02,-7.975396043229920906e-02,-8.010599021400821584e-02,-7.650716269385782198e-02,-6.929809144995147108e-02,-5.885599323323731369e-02,-4.557405366320210760e-02,-2.984563876280788008e-02,-1.205173675300841296e-02,7.448350712621731873e-03,2.832408983347534104e-02,5.027768164227097714e-02,7.304438753368458492e-02,9.639403576028371390e-02,1.201279973335829254e-01,1.440743563964304030e-01,1.680873631633232890e-01,1.920404911658408764e-01,2.158235050036694247e-01,2.393421595210725172e-01,2.625107920222404800e-01,2.852513778997831650e-01,3.074906056918109698e-01,3.291552955275989234e-01,3.501751729028796944e-01,3.704796928286526736e-01,3.899995396819804228e-01,4.086629841853408607e-01,4.263975760957237071e-01,4.431306276530051491e-01,4.587889077287599093e-01,4.733001429464991361e-01,4.865943685290545773e-01,4.986038121689233549e-01,5.092647673187400414e-01,5.185203393194086630e-01,5.263183627354095506e-01,5.326134517966920612e-01,5.373683935486042174e-01,5.405548556498871449e-01,5.421540559565016792e-01,5.421545408364067953e-01,5.405557451261415736e-01,5.373683935486042174e-01,5.326127310967763151e-01,5.263164111027833769e-01,5.185173892377292759e-01,5.092601643256102761e-01,4.985974285345520229e-01,4.865863855421252993e-01,4.732900373818438311e-01,4.587774417514935976e-01,4.431177144902420650e-01,4.263823621310223189e-01,4.086453765570610130e-01,3.899794224229680140e-01,3.704575827991476444e-01,3.501497223958693894e-01,3.291257799354525559e-01,3.074566640737259604e-01,2.852127544854852204e-01,2.624667854454969529e-01,2.392920925030210810e-01,2.157659433588605680e-01,1.919746246234126374e-01,1.680135175552095461e-01,1.439917232004859216e-01,1.200356363949168781e-01,9.629119674764297088e-02,7.292995152067760500e-02,5.015175204648869567e-02,2.818738406924126139e-02,7.300939986095045242e-03,-1.220963166424837709e-02,-3.001394492613940201e-02,-4.575256859291698674e-02,-5.904321483251351310e-02,-6.949181944847282466e-02,-7.670458469269192392e-02,-8.030373373055965658e-02,-7.994866620614970998e-02,-7.535575752645229386e-02,-6.631802987394053162e-02,-5.272777456974608867e-02,-3.458922095960303977e-02,-1.203254483752402848e-02,1.467924843618106934e-02,4.514969096440779595e-02,7.886179252116676253e-02,1.151909746616581742e-01,1.534329489375636513e-01,1.928281782045786485e-01,2.325979079332114452e-01,2.719719595131380174e-01,3.102204000900741221e-01,3.466782090304576514e-01,3.807589577519792101e-01,4.119681017190970351e-01,4.399042073423515831e-01,4.642581655979682864e-01,4.848003454541185420e-01,5.013681194052992396e-01,5.138548123500044085e-01,5.221970288131672078e-01,5.263585289942938061e-01
5.316961203063925723e-01,5.273877296016280525e-01,5.188360444748241207e-01,5.060820519600071066e-01,4.891953729126896633e-01,4.682902723372137643e-01,4.435366617405520628e-01,4.151727623284529045e-01,3.835159530859328925e-01,3.489749301997306929e-01,3.120521393237538632e-01,2.733399083900280857e-01,2.335090390298546481e-01,1.932940790212569482e-01,1.534692415323206660e-01,1.148167078305988298e-01,7.809864205215433230e-02,4.402154899501908858e-02,1.321153306845701536e-02,-1.381328978563090004e-02,-3.665510408339400783e-02,-5.505012707493506241e-02,-6.886738838652206596e-02,-7.810257940428755319e-02,-8.286403910190642819e-02,-8.336004176375411134e-02,-7.987608365890253026e-02,-7.275549608850440109e-02,-6.237831909901103700e-02,-4.914090688052397127e-02,-3.343991279527358529e-02,-1.565962951211474774e-02,3.837068316684622005e-03,2.471628468617836916e-02,4.667706192390141950e-02,6.945178989738565178e-02,9.280808761427294939e-02,1.165454274108128629e-01,1.404903858040995601e-01,1.644960187223603043e-01,1.884347610116918759e-01,2.121959312230501382e-01,2.356847433289885885e-01,2.588159123372406611e-01,2.815114268695708688e-01,3.036987765891012714e-01,3.253055184490989404e-01,3.462621884423811025e-01,3.664996895741978733e-01,3.859487054509287418e-01,4.045395197024674871e-01,4.221998510203093247e-01,4.388589282367831856e-01,4.544439890872808974e-01,4.688850186396678055e-01,4.821124584789089340e-01,4.940600861539508060e-01,5.046649940684915236e-01,5.138703731668101682e-01,5.216245014870821706e-01,5.278843085471294216e-01,5.326127310967763151e-01,5.357811454552745545e-01,5.373706552791759350e-01,5.373711550290494188e-01,5.357820839767413190e-01,5.326134517966920612e-01,5.278843085471294216e-01,5.216235567275759877e-01,5.138673681890111311e-01,5.046604344254888019e-01,4.940534218109178255e-01,4.821034635529173329e-01,4.688733718077315871e-01,4.544302427066497785e-01,4.388417500642276536e-01,4.221797716865296479e-01,4.045155423463882016e-01,3.859217484202019932e-01,3.664688266330244915e-01,3.462267424927887305e-01,3.252646029913250914e-01,3.036515874645999702e-01,2.814581712584072193e-01,2.587550099264603887e-01,2.356150885608485623e-01,2.121160062774691824e-01,1.883434808596007315e-01,1.643937317888060079e-01,1.403760403342459995e-01,1.164172995239454167e-01,9.266496877320662406e-02,6.929240300937067332e-02,4.650160146890414126e-02,2.452596958663377791e-02,3.632096573355170221e-03,-1.587918827685541601e-02,-3.367415026568210124e-02,-4.938971518234325231e-02,-6.263987295513118170e-02,-7.302668173970516818e-02,-8.015296115706860292e-02,-8.363783153522774683e-02,-8.313785343865731647e-02,-7.836709156262600118e-02,-6.911658121195785043e-02,-5.527702528027589324e-02,-3.685180408946564512e-02,-1.397079177601767697e-02,1.310256177576718528e-02,4.397027417263643656e-02,7.811291145799259539e-02,1.149024431460929918e-01,1.536297385391662829e-01,1.935294925432060609e-01,2.338159525354370771e-01,2.737110488301368605e-01,3.124759101140739403e-01,3.494365854341054956e-01,3.839975286953176692e-01,4.156554113654067351e-01,4.440007163471761942e-01,4.687168361552664919e-01,4.895680975280356506e-01,5.063864826900328353e-01,5.190612596871346796e-01,5.275258851408608507e-01,5.317425037971048596e-01
5.388407045382450633e-01,5.344299068422344590e-01,5.256879034930506123e-01,5.126591303884424633e-01,4.954183045760771620e-01,4.740860527349894937e-01,4.488401662936638559e-01,4.199278565856161549e-01,3.876767077646690041e-01,3.525059843381512792e-01,3.149293779360959888e-01,2.755502915712213508e-01,2.350503613215551013e-01,1.941743414227232734e-01,1.537055080798097606e-01,1.144341150246077632e-01,7.712891775166497155e-02,4.250177575751479253e-02,1.118279932971688595e-02,-1.630702925935167968e-02,-3.956814863622071243e-02,-5.833591127856152525e-02,-7.247937094443557271e-02,-8.199503753728265565e-02,-8.699282553931197981e-02,-8.768334568966906772e-02,-8.435488114031386431e-02,-7.735436074725043909e-02,-6.706559697752823013e-02,-5.388919413482540222e-02,-3.822640662787080146e-02,-2.046591789171259279e-02,-9.753059786987705593e-04,1.990724573300894917e-02,4.187683826890520322e-02,6.466215751780168830e-02,8.802784856882794884e-02,1.117705738936365378e-01,1.357148430271166717e-01,1.597117800435086110e-01,1.836326860839818664e-01,2.073662263498903258e-01,2.308169901295116233e-01,2.539002151138305408e-01,2.765380637947316700e-01,2.986584591189682669e-01,3.201908964789765832e-01,3.410654832927519919e-01,3.612156332765152911e-01,3.805726095165482548e-01,3.990679472558298357e-01,4.166325026784249985e-01,4.331950859018718347e-01,4.486858045312658305e-01,4.630347864970474348e-01,4.761751208456246331e-01,4.880411184007868997e-01,4.985725574391040027e-01,5.077123111609580519e-01,5.154099992685132747e-01,5.216235567275759877e-01,5.263164111027833769e-01,5.294614480704922244e-01,5.310392586576710983e-01,5.310403581794815864e-01,5.294632390216520434e-01,5.263183627354095506e-01,5.216245014870821706e-01,5.154099992685132747e-01,5.077102020983090824e-01,4.985686500904336071e-01,4.880354588573823094e-01,4.761662584951409372e-01,4.630223815904201956e-01,4.486700499240612316e-01,4.331753432115306168e-01,4.166085256069322895e-01,3.990398417334404257e-01,3.805399656443597678e-01,3.611776220056697184e-01,3.410215111741479177e-01,3.201395051221140875e-01,2.985997343849078334e-01,2.764715792774836700e-01,2.538239432638818016e-01,2.307290976352760481e-01,2.072648775327792237e-01,1.835169073605982248e-01,1.595817581423375486e-01,1.355695722545817716e-01,1.116077677510531885e-01,8.784597163584351165e-02,6.445967188852819163e-02,4.165366308752993518e-02,1.966468420739886369e-02,-1.237188538851796693e-03,-2.074711274950402640e-02,-3.852676340505922781e-02,-5.420835889665909235e-02,-6.740102405325387736e-02,-7.770214561089971994e-02,-8.471021243056497951e-02,-8.804043907328207297e-02,-8.734575963808310917e-02,-8.233714574589612312e-02,-7.280299838205905871e-02,-5.863200274572477610e-02,-3.982641592251923157e-02,-1.651569560212351462e-02,1.103588459363891161e-02,4.242843120459838246e-02,7.713945558694490501e-02,1.145360898641172298e-01,1.539032173596410757e-01,1.944681133254704264e-01,2.354357787935583701e-01,2.760179896662293686e-01,3.154645298757827732e-01,3.530898353233453690e-01,3.882863046096503012e-01,4.205391044515351950e-01,4.494280902351590612e-01,4.746267156178873847e-01,4.958909013788570519e-01,5.130452874481079562e-01,5.259736111405999281e-01,5.346050669927677745e-01,5.388995592568335269e-01
5.477417517306832906e-01,5.432072401300445108e-01,5.342321395751667978e-01,5.208651443158061056e-01,5.031871662128537537e-01,4.813266633829584862e-01,4.554712166648897664e-01,4.258791470787031130e-01,3.928906187498171221e-01,3.569381308203105618e-01,3.185492841227244298e-01,2.783413803319945146e-01,2.370095312726334669e-01,1.953111905954045824e-01,1.540409732528758013e-01,1.139990760644309375e-01,7.596250633284284959e-02,4.064967042974387823e-02,8.695771707706967391e-03,-1.937476104900781593e-02,-4.316010361084465785e-02,-6.239456396272657912e-02,-7.694725718700112793e-02,-8.681562704829559607e-02,-9.211166013403726538e-02,-9.304868999988968881e-02,-8.991851784406890147e-02,-8.307230394585474187e-02,-7.289834386683935463e-02,-5.980239312420110309e-02,-4.419103559968107220e-02,-2.645842582995783232e-02,-6.977877556778366852e-03,1.390706206456115979e-02,3.588636849022464048e-02,5.868407151410792721e-02,8.206103317802160291e-02,1.058105574161629647e-01,1.297544845848079831e-01,1.537418966843944190e-01,1.776423548277108466e-01,2.013435855754153181e-01,2.247495705930901977e-01,2.477758318698732865e-01,2.703446925875425677e-01,2.923852646163993541e-01,3.138277736132550899e-01,3.346034155635067009e-01,3.546474878051100177e-01,3.738926488614850996e-01,3.922725404590323706e-01,4.097203658599113396e-01,4.261659154609276356e-01,4.415419377400269241e-01,4.557793981616526935e-01,4.688139002857525384e-01,4.805806422623390972e-01,4.910212967290448205e-01,5.000803056514513401e-01,5.077102020983090824e-01,5.138673681890111311e-01,5.185173892377292759e-01,5.216329227774991750e-01,5.231973428967080508e-01,5.231987911997890706e-01,5.216361025858446965e-01,5.185203393194086630e-01,5.138703731668101682e-01,5.077123111609580519e-01,5.000803056514513401e-01,4.910188474816834514e-01,4.805762766905701255e-01,4.688062717484342556e-01,4.557682290841711392e-01,4.415267593546019498e-01,4.261467855431249063e-01,4.096955966802511284e-01,3.922427327388504636e-01,3.738564551487684184e-01,3.546043762006831912e-01,3.345527869918072383e-01,3.137680647264460276e-01,2.923167464166454010e-01,2.702658477484618516e-01,2.476846447197118550e-01,2.246439691238180103e-01,2.012216278863974139e-01,1.775033220324928607e-01,1.535856898802308024e-01,1.295796865239111639e-01,1.056139959573130227e-01,8.184068440340297457e-02,5.843858007774827001e-02,3.561570465858210355e-02,1.361287763231189274e-02,-7.295481348762677953e-03,-2.679983826831744409e-02,-4.455628062692085223e-02,-6.019110584273335007e-02,-7.330771299558591636e-02,-8.349751892231438433e-02,-9.035380869303821783e-02,-9.348704752395065043e-02,-9.254578046613914921e-02,-8.723737671161302387e-02,-7.734724547952964713e-02,-6.276175281374207771e-02,-4.348192577501208689e-02,-1.963693432989543908e-02,8.507998860466159385e-03,4.055073604541803434e-02,7.596484729246810730e-02,1.141119776325467683e-01,1.542698422205148745e-01,1.956564699804914653e-01,2.374659654911397411e-01,2.788978143784959229e-01,3.191878890602595220e-01,3.576362016664091925e-01,3.936205260815768270e-01,4.266118255496564871e-01,4.561766186882323382e-01,4.819758096214741272e-01,5.037548040666877114e-01,5.213291017402070793e-01,5.345755612743516849e-01,5.434176584457190984e-01,5.478125180486443924e-01
5.583775648897670862e-01,5.536986877003471363e-01,5.444488236639415391e-01,5.306815993129561093e-01,5.124853681493277691e-01,4.899978707723136040e-01,4.634182655997705069e-01,4.330182243904232564e-01,3.991528213138195724e-01,3.622704537199012975e-01,3.229152969991844202e-01,2.817212065081662331e-01,2.393993390280400035e-01,1.967222458407604790e-01,1.544978931044909132e-01,1.135382862034930440e-01,7.463002970820298287e-02,3.849928690232218287e-02,5.787103251833514150e-03,-2.297803513545204623e-02,-4.739169905397488947e-02,-6.718699593962185190e-02,-8.223298163258618843e-02,-9.252812965722512217e-02,-9.818657410244213679e-02,-9.942467595817561232e-02,-9.653808072337710655e-02,-8.988278886494072140e-02,-7.985231635780110082e-02,-6.685845545905522158e-02,-5.131422197646884342e-02,-3.362018389924514850e-02,-1.415638730293267145e-02,6.727423384532471573e-03,2.871537578900529297e-02,5.152607555949373364e-02,7.491571197583368757e-02,9.867359151631660552e-02,1.226178727293643078e-01,1.465952418305960236e-01,1.704733720984137335e-01,1.941382868704835118e-01,2.174944762401906928e-01,2.404560749546789111e-01,2.629466624007079645e-01,2.848959362708285425e-01,3.062345585495052092e-01,3.268969449516987424e-01,3.468184306825179419e-01,3.659350314130875859e-01,3.841821539870124980e-01,4.014935719000050085e-01,4.178037796025506623e-01,4.330457502784668122e-01,4.471540775857931749e-01,4.600653157088459011e-01,4.717175323772266893e-01,4.820530018861290955e-01,4.910188474816834514e-01,4.985686500904336071e-01,5.046604344254888019e-01,5.092601643256102761e-01,5.123421551034823551e-01,5.138899915406938135e-01,5.138917209198723413e-01,5.123467187508765619e-01,5.092647673187400414e-01,5.046649940684915236e-01,4.985725574391040027e-01,4.910212967290448205e-01,4.820530018861290955e-01,4.717150657095317001e-01,4.600597226448996935e-01,4.471447841317797156e-01,4.330327033024161665e-01,4.177863241610850764e-01,4.014702938741265825e-01,3.841517120860657997e-01,3.658974178971732272e-01,3.467732058178398802e-01,3.268415218458358140e-01,3.061681378095926220e-01,2.848183260096845970e-01,2.628562971682413263e-01,2.403509016345850569e-01,2.173725358587006440e-01,1.939976148145206025e-01,1.703125359685486728e-01,1.464142164275585856e-01,1.224145528945541628e-01,9.844459235259250818e-02,7.465891031733917771e-02,5.123987912605798556e-02,2.839965869856087011e-02,6.383510850312745788e-03,-1.452864011827159629e-02,-3.402136109193065749e-02,-5.174412526429250647e-02,-6.731632539670329152e-02,-8.033469072117327414e-02,-9.038419138165920685e-02,-9.705206829438850491e-02,-9.994351613553931202e-02,-9.870205689247768532e-02,-9.303087782461716415e-02,-8.271197378932981792e-02,-6.762907898550452046e-02,-4.778187502108721674e-02,-2.329928718525309250e-02,5.552361231991653767e-03,3.836809182449485434e-02,7.461713375309386720e-02,1.136548240738193272e-01,1.547502573191650299e-01,1.971111608868909570e-01,2.399188508084932892e-01,2.823582743160955033e-01,3.236490640862683676e-01,3.630744143116544365e-01,3.999948611694748024e-01,4.338643197312563871e-01,4.642334416500659700e-01,4.907483330812141276e-01,5.131418155910409951e-01,5.312183283736402473e-01,5.448462211584512715e-01,5.539421185534081360e-01,5.584594860052334298e-01
5.707212422822749431e-01,5.658779398017088624e-01,5.563128043608145390e-01,5.420851218313913478e-01,5.232918276230265064e-01,5.000814766109442644e-01,4.726666893096194144e-01,4.413345815981983833e-01,4.064575256620628352e-01,3.685022911302695547e-01,3.280321865343438503e-01,2.857001416646198777e-01,2.422357978246338917e-01,1.984289387536080085e-01,1.551028728848677929e-01,1.130829643603163959e-01,7.316679905090950342e-02,3.608928226917385018e-02,2.498122999597285343e-03,-2.707356939767180393e-02,-5.221841071343646945e-02,-7.266804467509757615e-02,-8.829144464758087452e-02,-9.908811522021210294e-02,-1.051746015080823327e-01,-1.067704962932367607e-01,-1.041757607755187109e-01,-9.775161913239571732e-02,-8.789727849955397687e-02,-7.503122357036318135e-02,-5.957337229300208037e-02,-4.193159696396264735e-02,-2.249351467726512510e-02,-1.615995189709451552e-03,2.037809134242252185e-02,4.320098170865094289e-02,6.660355414445007227e-02,9.037021863376537567e-02,1.143153340146625396e-01,1.382827514708822036e-01,1.621374464493783307e-01,1.857640350889937508e-01,2.090660737532203939e-01,2.319571417489356691e-01,2.543614696417222376e-01,2.762100052621292434e-01,2.974342061436487938e-01,3.179709431931314612e-01,3.377568415901777144e-01,3.567302187030065852e-01,3.748285954131063136e-01,3.919885984952315994e-01,4.081464749299357209e-01,4.232379679400253281e-01,4.372008026537201886e-01,4.499737205285470054e-01,4.614975074486267204e-01,4.717150657095317001e-01,4.805762766905701255e-01,4.880354588573823094e-01,4.940534218109178255e-01,4.985974285345520229e-01,5.016420557367808897e-01,5.031703305628525413e-01,5.031718047931832416e-01,5.016468237168680844e-01,4.986038121689233549e-01,4.940600861539508060e-01,4.880411184007868997e-01,4.805806422623390972e-01,4.717175323772266893e-01,4.614975074486267204e-01,4.499709856025617682e-01,4.371944824356148729e-01,4.232271580161750535e-01,4.081298532707364757e-01,3.919655150404395272e-01,3.747981709136070094e-01,3.566919106023931363e-01,3.377095710288529062e-01,3.179123342414271747e-01,2.973628312051630473e-01,2.761249104013643318e-01,2.542620537338962095e-01,2.318400664544668643e-01,2.089295810593227998e-01,1.856066351417666738e-01,1.619572420023729364e-01,1.380794595738166208e-01,1.140862775348523428e-01,9.011125134054509545e-02,6.631227952804863435e-02,4.287608115512853146e-02,2.001937950967658253e-02,-2.007260848273517695e-03,-2.291757826901630324e-02,-4.238958159018579863e-02,-6.006523440696298621e-02,-7.555603320324166816e-02,-8.845140165060172421e-02,-9.832883626893362816e-02,-1.047689353775922427e-01,-1.073709840363079593e-01,-1.057730424292913085e-01,-9.967378922063119262e-02,-8.885168944041765826e-02,-7.318770999492585361e-02,-5.268023175064229235e-02,-2.745798542710531365e-02,2.211352923353615552e-03,3.591974215797222314e-02,7.313164639805336265e-02,1.131951302150611127e-01,1.553700080097684122e-01,1.988522765987141838e-01,2.428086099660049513e-01,2.864076777368609328e-01,3.288507236916018428e-01,3.694017136572824711e-01,4.074013044624109625e-01,4.422840442298650032e-01,4.735822816056725060e-01,5.009250311055666316e-01,5.240301208608286743e-01,5.426891065056338448e-01,5.567601885977353504e-01,5.661520002090867365e-01,5.708134770852666406e-01
5.847400866944951758e-01,5.797131382155384927e-01,5.697936679652855219e-01,5.550473941423916813e-01,5.355810635235229711e-01,5.115555344787452441e-01,4.831986575581623811e-01,4.508151565295008822e-01,4.147969070287018667e-01,3.756315589010625899e-01,3.339039955809539606e-01,2.902886457327440439e-01,2.455359120405091744e-01,2.004548755245707525e-01,1.558859039684961090e-01,1.126692129459740954e-01,7.161445165414193070e-02,3.346613397546605029e-02,-1.120762037444933412e-03,-3.160814946221535138e-02,-5.758536195122587742e-02,-7.878248113873098646e-02,-9.506821529340925281e-02,-1.064430294985072578e-01,-1.130258123870646614e-01,-1.150393795958564169e-01,-1.127880989043745785e-01,-1.066386804928356469e-01,-9.699644880252833445e-02,-8.428718638697318966e-02,-6.893850574914495155e-02,-5.136631990950490945e-02,-3.196665234152362700e-02,-1.110411759204055215e-02,1.089069466397063479e-02,3.372303427843803547e-02,5.713773275792277673e-02,8.091339347258497128e-02,1.048599574035904425e-01,1.288176552592972257e-01,1.526482965278432857e-01,1.762350864092496749e-01,1.994801746940311205e-01,2.222967985985349060e-01,2.446097296224962747e-01,2.663506623211020496e-01,2.874527022081991845e-01,3.078535229666812256e-01,3.274931924957655838e-01,3.463107183407885259e-01,3.642475512424283579e-01,3.812432740158158140e-01,3.972358584097719358e-01,4.121637987307167350e-01,4.259674744256756185e-01,4.385888668986126504e-01,4.499709856025617682e-01,4.600597226448996935e-01,4.688062717484342556e-01,4.761662584951409372e-01,4.821034635529173329e-01,4.865863855421252993e-01,4.895897646987492635e-01,4.910971436711832894e-01,4.910990581532672650e-01,4.895957635282144338e-01,4.865943685290545773e-01,4.821124584789089340e-01,4.761751208456246331e-01,4.688139002857525384e-01,4.600653157088459011e-01,4.499737205285470054e-01,4.385888668986126504e-01,4.259643077285488744e-01,4.121554028036058526e-01,3.972205517133318153e-01,3.812212514069699409e-01,3.642183834758441208e-01,3.462729352024211948e-01,3.274446894064197977e-01,3.077926624416420509e-01,2.873771948685828193e-01,2.662606619476832748e-01,2.445041955907640840e-01,2.221714446069853466e-01,1.993321212489007621e-01,1.760633957340331790e-01,1.524509268654128391e-01,1.285938258694301339e-01,1.046071770756213937e-01,8.062696981059502832e-02,5.681499645601206794e-02,3.336260364187637606e-02,1.049188090865982304e-02,-1.154055483985416686e-02,-3.244126546314873849e-02,-5.188035303612537064e-02,-6.949167356839325294e-02,-8.487808289744691592e-02,-9.762098392732809771e-02,-1.072902943373890139e-01,-1.134592877869948779e-01,-1.157211071457879825e-01,-1.137079728225387498e-01,-1.071137303746354519e-01,-9.571313266278025367e-02,-7.938433082755125270e-02,-5.812433720947751681e-02,-3.206193494673925670e-02,-1.466321959242122830e-03,3.325109848243812394e-02,7.154934647077482168e-02,1.127688213646393933e-01,1.561590911741319587e-01,2.009030861134704082e-01,2.461516993651002849e-01,2.910555954325673156e-01,3.347956816847101891e-01,3.766144378114120173e-01,4.158305311547394467e-01,4.518566753704504890e-01,4.842043812502936362e-01,5.124831211848004386e-01,5.363935303498976737e-01,5.557123908228760456e-01,5.702863825986241864e-01,5.800149624420072314e-01,5.848416909304035016e-01
6.003955176812354466e-01,5.951665322533585822e-01,5.848553662888491544e-01,5.695348524667878110e-01,5.493227010126418008e-01,5.243936169324001639e-01,4.949925020839600620e-01,4.614437092725296452e-01,4.241609308506326670e-01,3.836550103777938148e-01,3.405347604374640014e-01,2.954983757439038072e-01,2.493191005338530886e-01,2.028271158221599535e-01,1.568813847752039692e-01,1.123381697194361095e-01,7.002011552914666481e-02,3.068206183677091303e-02,-5.013278828229772444e-03,-3.652241328552463528e-02,-6.343117340756521116e-02,-8.546784136893847972e-02,-1.025007091634932976e-01,-1.145311076047761389e-01,-1.216802391296596397e-01,-1.241741095623183355e-01,-1.223216489890006642e-01,-1.164950801788222634e-01,-1.071060335411146980e-01,-9.458786851152467534e-02,-7.937603557235206608e-02,-6.189512982092537641e-02,-4.255006442210174100e-02,-2.171400181384797179e-02,2.737280365749938937e-04,2.311062514296224890e-02,4.653463746473107676e-02,7.031783354432263877e-02,9.426550192543459161e-02,1.182136556411705897e-01,1.420204236823536803e-01,1.655675345154463685e-01,1.887547173256507449e-01,2.114949201478566465e-01,2.337135497906217552e-01,2.553421411674179353e-01,2.763163066184972649e-01,2.965746549545826838e-01,3.160594507954357368e-01,3.347127107617922093e-01,3.524781008888737688e-01,3.692992127513434752e-01,3.851161816592849618e-01,3.998703203583318100e-01,4.135047416560553302e-01,4.259643077285488744e-01,4.371944824356148729e-01,4.471447841317797156e-01,4.557682290841711392e-01,4.630223815904201956e-01,4.688733718077315871e-01,4.732900373818438311e-01,4.762492406575518089e-01,4.777342263811590328e-01,4.777367395433458341e-01,4.762564217577960335e-01,4.733001429464991361e-01,4.688850186396678055e-01,4.630347864970474348e-01,4.557793981616526935e-01,4.471540775857931749e-01,4.372008026537201886e-01,4.259674744256756185e-01,4.135047416560553302e-01,3.998653644423626474e-01,3.851042597344616070e-01,3.692809279093580699e-01,3.524532000009799049e-01,3.346775947905484827e-01,3.160121157193032104e-01,2.965138206791380071e-01,2.762399602366514273e-01,2.552504949700988846e-01,2.336041951867002808e-01,2.113634234475370022e-01,1.885974674826798037e-01,1.653837879674568967e-01,1.418089050550150887e-01,1.179723259056260076e-01,9.399186003027182323e-02,7.000618304071792863e-02,4.618211846221242922e-02,2.271629816473819119e-02,-1.633489693801948306e-04,-2.219335980892367388e-02,-4.307245087522915128e-02,-6.246236963249884866e-02,-7.998799050471916416e-02,-9.524297531686443108e-02,-1.078001552744467517e-01,-1.172212155006207013e-01,-1.230718449876206932e-01,-1.249386554981981590e-01,-1.224480503360894090e-01,-1.152889576588336240e-01,-1.032326633689706341e-01,-8.615457248640723265e-02,-6.405055963087136206e-02,-3.704967860223007392e-02,-5.422723748722546588e-03,3.041515415864637362e-02,6.991736849722940406e-02,1.124163041078389824e-01,1.571503720399221038e-01,2.032888610024770060e-01,2.499656884952230484e-01,2.963119133480489609e-01,3.414863597476767154e-01,3.847080638815327802e-01,4.252714903307008854e-01,4.625650251023500914e-01,4.960769110347484911e-01,5.253948391657843331e-01,5.502002256146738546e-01,5.702534633016824728e-01,5.853880714789738704e-01,5.954928717589638154e-01,6.005053801261510671e-01
6.176422969718942113e-01,6.121938300397005150e-01,6.014553797343751285e-01,5.855076569879997805e-01,5.644805132015164872e-01,5.385640528731698851e-01,5.080219706898958520e-01,4.732003372020017196e-01,4.345367924934748771e-01,3.925676415010457276e-01,3.479278406609864760e-01,3.013413918309453265e-01,2.536062969897301400e-01,2.055754009843155927e-01,1.581275747175823199e-01,1.121361121759321122e-01,6.843736904512809360e-02,2.779697205706099794e-02,-9.114287341475346693e-03,-4.174737263548422561e-02,-6.968440918336682444e-02,-9.265178071186142006e-02,-1.105171435673781843e-01,-1.232824400228480499e-01,-1.310709165307599733e-01,-1.341114341425537759e-01,-1.327172543393118076e-01,-1.272659594600611399e-01,-1.181755354512574741e-01,-1.058871223105910531e-01,-9.084442812702775427e-02,-7.348120527558421600e-02,-5.421176957324291834e-02,-3.341834138031174462e-02,-1.144952154378131581e-02,1.138401253838594585e-02,3.481245913170027961e-02,5.860078980668959048e-02,8.254880899099248381e-02,1.064873564087065461e-01,1.302710147039078947e-01,1.537788617367539246e-01,1.769086673051987191e-01,1.995724640298135455e-01,2.216954360472982444e-01,2.432100806870778342e-01,2.640529737216752437e-01,2.841653261838814615e-01,3.034912238002931417e-01,3.219746044944571395e-01,3.395625172491065769e-01,3.562015196129664218e-01,3.718345974177594826e-01,3.864074616953132590e-01,3.998653644423626474e-01,4.121554028036058526e-01,4.232271580161750535e-01,4.330327033024161665e-01,4.415267593546019498e-01,4.486700499240612316e-01,4.544302427066497785e-01,4.587774417514935976e-01,4.616895525285684698e-01,4.631512816703349245e-01,4.631542162616000269e-01,4.616977771928674201e-01,4.587889077287599093e-01,4.544439890872808974e-01,4.486858045312658305e-01,4.415419377400269241e-01,4.330457502784668122e-01,4.232379679400253281e-01,4.121637987307167350e-01,3.998703203583318100e-01,3.864074616953132590e-01,3.718283844233951640e-01,3.561887334342372924e-01,3.395428326600438140e-01,3.219442989978062997e-01,3.034472343424283736e-01,2.841071254288181080e-01,2.639793443512417070e-01,2.431190919163839226e-01,2.215842038040420903e-01,1.994362555418973670e-01,1.767440910415842836e-01,1.535854304418649008e-01,1.300475815646819910e-01,1.062309071079710066e-01,8.225639769622716813e-02,5.826702185512999677e-02,3.443375273049298357e-02,1.095947936445895721e-02,-1.192119489959964085e-02,-3.393772906480307938e-02,-5.477984757897047530e-02,-7.409979671997746209e-02,-9.151329420335230225e-02,-1.066041976854137374e-01,-1.189365129084194450e-01,-1.280638830437226261e-01,-1.335441025953514327e-01,-1.349573483038852828e-01,-1.319241960383834567e-01,-1.241287263977994826e-01,-1.113388318408397026e-01,-9.342746564074388971e-02,-7.038947318439170431e-02,-4.235441670155637439e-02,-9.594956237719998171e-03,2.746988977499142948e-02,6.828782522164544844e-02,1.121826704767556748e-01,1.583814164836496730e-01,2.060390928334925320e-01,2.542713456851686260e-01,3.021885152035110877e-01,3.489258867408722153e-01,3.936772539540100979e-01,4.357106557218912712e-01,4.743880354633773777e-01,5.091722957404272165e-01,5.396274497139472714e-01,5.654133643353986827e-01,5.862721668061823266e-01,6.020223758101934664e-01,6.125412183547638278e-01,6.177591822733319304e-01
6.364276969641196047e-01,6.307434091455945691e-01,6.195442269478803610e-01,6.029195808521166100e-01,5.810125140001929367e-01,5.540301321386778000e-01,5.222566665150907284e-01,4.860618521233988076e-01,4.459093959483908520e-01,4.023631693863336523e-01,3.560862814137379928e-01,3.078304738315296163e-01,2.584201052261789755e-01,2.087320598989350628e-01,1.596661273129598158e-01,1.121133774168612263e-01,6.692433330584890427e-02,2.487574761538269286e-02,-1.335337895865507107e-02,-4.720827814671224587e-02,-7.626726229207747565e-02,-1.002546486376161283e-01,-1.190371866312602833e-01,-1.326172300375674240e-01,-1.411197376398831693e-01,-1.447761307645833995e-01,-1.439037984366677847e-01,-1.388853022014586713e-01,-1.301448519322150332e-01,-1.181311618887264103e-01,-1.032959963195025921e-01,-8.608252966453733279e-02,-6.691453790151058456e-02,-4.618394125360225644e-02,-2.424935191206145646e-02,-1.430244015281800785e-03,2.199487748009687493e-02,4.578345926297799906e-02,6.972930271155064474e-02,9.365756850593243144e-02,1.174188288748894138e-01,1.408889109613653545e-01,1.639629818322845267e-01,1.865517972323971208e-01,2.085803071963567845e-01,2.299816590203676014e-01,2.506932404108539458e-01,2.706594464489029406e-01,2.898247842562398091e-01,3.081359378437298346e-01,3.255441450123583991e-01,3.419967179141565339e-01,3.574416830724658212e-01,3.718283844233951640e-01,3.851042597344616070e-01,3.972205517133318153e-01,4.081298532707364757e-01,4.177863241610850764e-01,4.261467855431249063e-01,4.331753432115306168e-01,4.388417500642276536e-01,4.431177144902420650e-01,4.459814710067888655e-01,4.474186299663784894e-01,4.474216433827535866e-01,4.459901508139694215e-01,4.431306276530051491e-01,4.388589282367831856e-01,4.331950859018718347e-01,4.261659154609276356e-01,4.178037796025506623e-01,4.081464749299357209e-01,3.972358584097719358e-01,3.851161816592849618e-01,3.718345974177594826e-01,3.574416830724658212e-01,3.419899568195887696e-01,3.255291783370921621e-01,3.081101283109290989e-01,2.897847472693797499e-01,2.706049152386640344e-01,2.506236238416761353e-01,2.298923700637374168e-01,2.084679411973127117e-01,1.864124657643344563e-01,1.637935849516765074e-01,1.406888531067522763e-01,1.171869191142604905e-01,9.338971516727667677e-02,6.942125718038028026e-02,4.543049130064957808e-02,2.159299637087030987e-02,-1.881927711622211064e-03,-2.475222698596724058e-02,-4.673952318754004409e-02,-6.752412726292789102e-02,-8.674831100215385504e-02,-1.040179359995789810e-01,-1.189071213154875295e-01,-1.309706224356830262e-01,-1.397539234259568275e-01,-1.448070865626078785e-01,-1.457037806635810284e-01,-1.420592886001941224e-01,-1.335530772552999679e-01,-1.199502000777954436e-01,-1.011215131846938675e-01,-7.706110927651366183e-02,-4.789935532309641530e-02,-1.391084873213799256e-02,2.448160742662253142e-02,6.671968838273301117e-02,1.121187033277522005e-01,1.598940551554903777e-01,2.091856036281427578e-01,2.590902918707911340e-01,3.086968166663552893e-01,3.571156155192340975e-01,4.035135531337488146e-01,4.471306556511507324e-01,4.873006621025979257e-01,5.234589343341298218e-01,5.551434278146700763e-01,5.819902339253530954e-01,6.037218228267988707e-01,6.201395597258425596e-01,6.311082527148101917e-01,6.365502682515824517e-01
6.566913405429772865e-01,6.507562669819719758e-01,6.390652362549218424e-01,6.217174204019073613e-01,5.988701613517832811e-01,5.707490603606686363e-01,5.376606335626519240e-01,5.000002142209041267e-01,4.582595788024264039e-01,4.130321474702896012e-01,3.650110995490933874e-01,3.149775247684658552e-01,2.637836011380869650e-01,2.123312788580875576e-01,1.615420511952265770e-01,1.123252094120914535e-01,6.554566178394338749e-02,2.199132638068590495e-02,-1.765062534246908399e-02,-5.281977944201798891e-02,-8.309062891342477997e-02,-1.081853510320911482e-01,-1.279695457901368627e-01,-1.424455829428978859e-01,-1.517396269325388403e-01,-1.560850242039322211e-01,-1.558026768913123306e-01,-1.512795322971527412e-01,-1.429456295488762407e-01,-1.312569686916447154e-01,-1.166733769668155674e-01,-9.964752121234710103e-02,-8.061283069515923216e-02,-5.997121084821799286e-02,-3.809150687484930131e-02,-1.530238783362847244e-02,8.108456097886573843e-03,3.189024653225658312e-02,5.583005853226552517e-02,7.974646030348253589e-02,1.034854465795262968e-01,1.269192484236754126e-01,1.499399332742257229e-01,1.724570982846103107e-01,1.943948239994170990e-01,2.156860040194601424e-01,2.362695142422097661e-01,2.560910371910978256e-01,2.750969485471870257e-01,2.932375657172201500e-01,3.104659686112825057e-01,3.267327376355808610e-01,3.419899568195887696e-01,3.561887334342372924e-01,3.692809279093580699e-01,3.812212514069699409e-01,3.919655150404395272e-01,4.014702938741265825e-01,4.096955966802511284e-01,4.166085256069322895e-01,4.221797716865296479e-01,4.263823621310223189e-01,4.291969173606418053e-01,4.306098021197470871e-01,4.306132947494063501e-01,4.292069541260445931e-01,4.263975760957237071e-01,4.221998510203093247e-01,4.166325026784249985e-01,4.097203658599113396e-01,4.014935719000050085e-01,3.919885984952315994e-01,3.812432740158158140e-01,3.692992127513434752e-01,3.562015196129664218e-01,3.419967179141565339e-01,3.267327376355808610e-01,3.104571048578463888e-01,2.932170845911201695e-01,2.750624221959014903e-01,2.560415942133005274e-01,2.362035194975362629e-01,2.155995838542850151e-01,1.942836371659097949e-01,1.723178835194829617e-01,1.497701244412610322e-01,1.267169065538666928e-01,1.032484545105347706e-01,7.947036089048253871e-02,5.551011734495148175e-02,3.152251879508582988e-02,7.688438161579824737e-03,-1.577645048681119988e-02,-3.862157422332757051e-02,-6.055992187951630967e-02,-8.126165555458442213e-02,-1.003582072580684326e-01,-1.174458277693304353e-01,-1.320888384110787683e-01,-1.438329442171522032e-01,-1.522158769922441479e-01,-1.567801568659348277e-01,-1.570933005714891806e-01,-1.527656934783294673e-01,-1.434726990121077961e-01,-1.289768561317146123e-01,-1.091475325404758223e-01,-8.397830805208172933e-02,-5.360073756983751991e-02,-1.829142642708347921e-02,2.152284759223732635e-02,6.527773848321771766e-02,1.122802616438747236e-01,1.617337002255112566e-01,2.127628304288577965e-01,2.644456899377303216e-01,3.158484872824658396e-01,3.660559865530501611e-01,4.142069850124556751e-01,4.595120813680466654e-01,5.012746623903012733e-01,5.389004685884941637e-01,5.718993108879146803e-01,5.998815063495896993e-01,6.225483017213377934e-01,6.396821272420112336e-01,6.511345542952540200e-01,6.568182012999272956e-01
6.783642315590867611e-01,6.721647177555496455e-01,6.599533244973088131e-01,6.418400457580446528e-01,6.179975387286731348e-01,5.886714666202408353e-01,5.541923464969045199e-01,5.149829332876123544e-01,4.715649877042977778e-01,4.245633045512420267e-01,3.747027406146798967e-01,3.227952100815940639e-01,2.697217583822890674e-01,2.164101988070825655e-01,1.638041574404667244e-01,1.128313018127613532e-01,6.437087598618518314e-02,1.922181811703183030e-02,-2.192075220179390271e-02,-5.849087915858319775e-02,-9.005928089283088411e-02,-1.163458940659722884e-01,-1.372148297469664158e-01,-1.526681477031388567e-01,-1.628326003966691360e-01,-1.679429009567172670e-01,-1.683228568064976116e-01,-1.643630181748392260e-01,-1.564987505141886004e-01,-1.451925861441054622e-01,-1.309118673098197405e-01,-1.141184920983988604e-01,-9.525515218612667923e-02,-7.473410356537613097e-02,-5.293474996557279155e-02,-3.019547823910784246e-02,-6.814067944091561913e-03,1.695025802521854530e-02,4.087708525159428063e-02,6.477818481027952657e-02,8.849436587064474224e-02,1.118935980084359016e-01,1.348642501346546396e-01,1.573138803451286094e-01,1.791657399395205630e-01,2.003517065780613393e-01,2.208124147355903233e-01,2.404943244994797169e-01,2.593456384751533506e-01,2.773197666977722520e-01,2.943721917649213538e-01,3.104571048578463888e-01,3.255291783370921621e-01,3.395428326600438140e-01,3.524532000009799049e-01,3.642183834758441208e-01,3.747981709136070094e-01,3.841517120860657997e-01,3.922427327388504636e-01,3.990398417334404257e-01,4.045155423463882016e-01,4.086453765570610130e-01,4.114109393374576484e-01,4.127990434142816412e-01,4.128027301962049478e-01,4.114216463981108518e-01,4.086629841853408607e-01,4.045395197024674871e-01,3.990679472558298357e-01,3.922725404590323706e-01,3.841821539870124980e-01,3.748285954131063136e-01,3.642475512424283579e-01,3.524781008888737688e-01,3.395625172491065769e-01,3.255441450123583991e-01,3.104659686112825057e-01,2.943721917649213538e-01,2.773083535914935283e-01,2.593201219022205350e-01,2.404530364297130518e-01,2.207536097780575801e-01,2.002716008193488051e-01,1.790598196405284170e-01,1.571795340724264634e-01,1.346985574624568471e-01,1.116934963501563516e-01,8.825651243459731177e-02,6.449808867432693660e-02,4.054936755343874211e-02,1.657124958407507620e-02,-7.248704054390486817e-03,-3.068871843913711928e-02,-5.348875417462295445e-02,-7.535189033191613817e-02,-9.593873688078247142e-02,-1.148694606696949450e-01,-1.317304917209298765e-01,-1.460769895158335885e-01,-1.574453352461517852e-01,-1.653657880127354929e-01,-1.693739577862487522e-01,-1.690315457116895459e-01,-1.639450664818014047e-01,-1.537864816904743748e-01,-1.383166508817623708e-01,-1.174040873538615415e-01,-9.104235279336592157e-02,-5.936441512230317130e-02,-2.264904032318781901e-02,1.867313368228451509e-02,6.403207670466315449e-02,1.127265042441933929e-01,1.639479391253075846e-01,2.168064653911585538e-01,2.703608495393012845e-01,3.236545671282868852e-01,3.757461812944882240e-01,4.257454259380608619e-01,4.728318652988150461e-01,5.162767874692946179e-01,5.554545462879332263e-01,5.898447944277052102e-01,6.190306367413427324e-01,6.426900156685633192e-01,6.605847607634132146e-01,6.725523581830259445e-01,6.784942151263635424e-01
7.013682012642590280e-01,6.948920915190228698e-01,6.821348543939649289e-01,6.632181767305382891e-01,6.383312542894827857e-01,6.077412217096025415e-01,5.718042637468840894e-01,5.309723384035720528e-01,4.857989496686343500e-01,4.369418943742857664e-01,3.851592015588352069e-01,3.312947037133255890e-01,2.762591890898704605e-01,2.210067758314551156e-01,1.665033738678971531e-01,1.136949117929475506e-01,6.347462382376534151e-02,1.665207162363913085e-02,-2.607013104199040754e-02,-6.412082056948520403e-02,-9.706714830329588040e-02,-1.246268025040251359e-01,-1.466621562329919470e-01,-1.631744713124021473e-01,-1.742903560144384301e-01,-1.802450026506505765e-01,-1.813641110114048161e-01,-1.780408204003123274e-01,-1.707149463524615385e-01,-1.598547262088345633e-01,-1.459345684085349149e-01,-1.294251817159590701e-01,-1.107783124595442814e-01,-9.041658610406955177e-02,-6.872981929029720050e-02,-4.606634181368463032e-02,-2.273431827291005902e-02,9.981783664443355519e-04,2.490259315817411334e-02,4.878285838226759097e-02,7.247437005952406253e-02,9.583968557092248375e-02,1.187629580460338730e-01,1.411500283684148371e-01,1.629216595881359808e-01,1.840095115186812791e-01,2.043555177720719485e-01,2.239055736548891673e-01,2.426102754992598420e-01,2.604256006693645986e-01,2.773083535914935283e-01,2.932170845911201695e-01,3.081101283109290989e-01,3.219442989978062997e-01,3.346775947905484827e-01,3.462729352024211948e-01,3.566919106023931363e-01,3.658974178971732272e-01,3.738564551487684184e-01,3.805399656443597678e-01,3.859217484202019932e-01,3.899794224229680140e-01,3.926964434797639569e-01,3.940600807780896275e-01,3.940643201107008053e-01,3.927087012454535397e-01,3.899995396819804228e-01,3.859487054509287418e-01,3.805726095165482548e-01,3.738926488614850996e-01,3.659350314130875859e-01,3.567302187030065852e-01,3.463107183407885259e-01,3.347127107617922093e-01,3.219746044944571395e-01,3.081359378437298346e-01,2.932375657172201500e-01,2.773197666977722520e-01,2.604256006693645986e-01,2.425969099879949908e-01,2.238758465937564779e-01,2.043077230298706581e-01,1.839401565457023935e-01,1.628260034086395081e-01,1.410246124979863680e-01,1.186045441448015936e-01,9.564398033542431676e-02,7.223775387059561126e-02,4.850130940970132087e-02,2.457102171003100466e-02,6.122861139772339811e-04,-2.317923137410105028e-02,-4.657465413644956698e-02,-6.930434212611658040e-02,-9.106037304989911263e-02,-1.114934084413334858e-01,-1.302128097265864426e-01,-1.467951871836561395e-01,-1.607870827752293508e-01,-1.717161567415388390e-01,-1.791056354337854373e-01,-1.824851203854791493e-01,-1.814112626191786148e-01,-1.754875341596715543e-01,-1.643835778294828742e-01,-1.478591030017781804e-01,-1.257827332680108157e-01,-9.814834769294122907e-02,-6.509068592342259763e-02,-2.689085332005447526e-02,1.601704395388026114e-02,6.305740537612791741e-02,1.135210736798910602e-01,1.665885969489551144e-01,2.213553951274604970e-01,2.768612250286679455e-01,3.321270396353241949e-01,3.861847845547572433e-01,4.381142323748008494e-01,4.870627720751485867e-01,5.322683766429321395e-01,5.730725972125014778e-01,6.089230365859634730e-01,6.393738850317305378e-01,6.640774185178202060e-01,6.827735858416019710e-01,6.952845809207985894e-01,7.015000286238830540e-01
7.256154446087066390e-01,7.188521757414747526e-01,7.055268931810303457e-01,6.857737340610015053e-01,6.597996172781250834e-01,6.278945797183439481e-01,5.904421235507584242e-01,5.479250525808936345e-01,5.009302427449142670e-01,4.501499616202693232e-01,3.963765526314233512e-01,3.404866802340222876e-01,2.834213306290962464e-01,2.261610499335517943e-01,1.696938457201184747e-01,1.149834107639833292e-01,6.293638428097381166e-02,1.437228653367128572e-02,-2.999938718768646595e-02,-6.960267725200708355e-02,-1.040014241564790609e-01,-1.329110377390918529e-01,-1.561918259224341909e-01,-1.738438056453333047e-01,-1.859925953357475237e-01,-1.928730791875921113e-01,-1.948118240947280810e-01,-1.922034411238797702e-01,-1.854912678933544612e-01,-1.751479634368138250e-01,-1.616541139917018199e-01,-1.454883227046366301e-01,-1.271105818653666120e-01,-1.069537970313803044e-01,-8.541800337113159003e-02,-6.286186280195238396e-02,-3.960461430995110277e-02,-1.592325587127163544e-02,7.944628058623948164e-03,3.179506591629888135e-02,5.545762952159805081e-02,7.878837614578060311e-02,1.016671021120174601e-01,1.239965680114210045e-01,1.456947658905249909e-01,1.666930709552616463e-01,1.869335293293090672e-01,2.063619823099713813e-01,2.249307341709254615e-01,2.425969099879949908e-01,2.593201219022205350e-01,2.750624221959014903e-01,2.897847472693797499e-01,3.034472343424283736e-01,3.160121157193032104e-01,3.274446894064197977e-01,3.377095710288529062e-01,3.467732058178398802e-01,3.546043762006831912e-01,3.611776220056697184e-01,3.664688266330244915e-01,3.704575827991476444e-01,3.731270167574507468e-01,3.744668617806894417e-01,3.744714967498339320e-01,3.731406762848337166e-01,3.704796928286526736e-01,3.664996895741978733e-01,3.612156332765152911e-01,3.546474878051100177e-01,3.468184306825179419e-01,3.377568415901777144e-01,3.274931924957655838e-01,3.160594507954357368e-01,3.034912238002931417e-01,2.898247842562398091e-01,2.750969485471870257e-01,2.593456384751533506e-01,2.426102754992598420e-01,2.249307341709254615e-01,2.063458676912546252e-01,1.868990315072522890e-01,1.666369661208335629e-01,1.456116100039821504e-01,1.238821870601043429e-01,1.015177221718488454e-01,7.859943617890507994e-02,5.522548306339558621e-02,3.151570465605857407e-02,7.613035865091433152e-03,-1.631253697070178532e-02,-4.005639970198160427e-02,-6.338133180391025689e-02,-8.600827985539183373e-02,-1.076177281160255461e-01,-1.278507132079482744e-01,-1.463063684506238360e-01,-1.625512457369495678e-01,-1.761239662194640232e-01,-1.865439091870939592e-01,-1.933277935611528164e-01,-1.960005745576012259e-01,-1.941148324634554001e-01,-1.872723657011903242e-01,-1.751416801718335137e-01,-1.574823603289985385e-01,-1.341638938352502919e-01,-1.051810608365144617e-01,-7.067057437561174993e-02,-3.091578578073495009e-02,1.364603653794915772e-02,6.243402322829183504e-02,1.147320950605745793e-01,1.697102445400986426e-01,2.264496758037068957e-01,2.839721503408298986e-01,3.412761862553139736e-01,3.973670759162644117e-01,4.512942760006097842e-01,5.021724696826623813e-01,5.492053646050436555e-01,5.917000351596328755e-01,6.290701513080279028e-01,6.608392525154584973e-01,6.866320568738757402e-01,7.061654994631396676e-01,7.192448637518538135e-01,7.257476748313251846e-01
7.510076421959297477e-01,7.439483823137891250e-01,7.300364009279860511e-01,7.094189674913309318e-01,6.823219589294495790e-01,6.490596701612503239e-01,6.100444555867170493e-01,5.657915364350571963e-01,5.169226039598981970e-01,4.641655954399368511e-01,4.083481258793426605e-01,3.503801944477089592e-01,2.912331610686749173e-01,2.319137892732641149e-01,1.734316325860731922e-01,1.167674243314991145e-01,6.284028163366883746e-02,1.247881525404181957e-02,-3.360145710870199309e-02,-7.482039463728540341e-02,-1.107389491983781227e-01,-1.410703429090318650e-01,-1.656726010524494086e-01,-1.845439524074805604e-01,-1.978081306036756359e-01,-2.056986261443825015e-01,-2.085414939783589716e-01,-2.067314586259669795e-01,-2.007139861751880971e-01,-1.909648306649387450e-01,-1.779698247120791166e-01,-1.622144318451432810e-01,-1.441663496569844938e-01,-1.242683113151628049e-01,-1.029299618879235823e-01,-8.052051211302568845e-02,-5.736992445891075931e-02,-3.376453681477187274e-02,-9.951696464071346782e-03,1.385653149105792181e-02,3.748278065094723388e-02,6.077607365345727430e-02,8.361161756309343218e-02,1.058878733558827889e-01,1.275195349736151229e-01,1.484374936427172997e-01,1.685822732157191695e-01,1.879006262439304464e-01,2.063458676912546252e-01,2.238758465937564779e-01,2.404530364297130518e-01,2.560415942133005274e-01,2.706049152386640344e-01,2.841071254288181080e-01,2.965138206791380071e-01,3.077926624416420509e-01,3.179123342414271747e-01,3.268415218458358140e-01,3.345527869918072383e-01,3.410215111741479177e-01,3.462267424927887305e-01,3.501497223958693894e-01,3.527745608959946821e-01,3.540916475177908751e-01,3.540966194634620479e-01,3.527898756809406677e-01,3.501751729028796944e-01,3.462621884423811025e-01,3.410654832927519919e-01,3.346034155635067009e-01,3.268969449516987424e-01,3.179709431931314612e-01,3.078535229666812256e-01,2.965746549545826838e-01,2.841653261838814615e-01,2.706594464489029406e-01,2.560910371910978256e-01,2.404943244994797169e-01,2.239055736548891673e-01,2.063619823099713813e-01,1.879006262439304464e-01,1.685631070707671597e-01,1.483964082136139950e-01,1.274506843801930245e-01,1.057861220816960213e-01,8.347325375846992301e-02,6.059720099918308733e-02,3.725954165156508680e-02,1.358501264340361558e-02,-1.027712793973023508e-02,-3.415067445919817146e-02,-5.782256616109293645e-02,-8.104536915131177466e-02,-1.035306090072793950e-01,-1.249472703988203648e-01,-1.449262437213292287e-01,-1.630574977689320804e-01,-1.788978436673005490e-01,-1.919786115856965125e-01,-2.018123023127458282e-01,-2.079099466064491253e-01,-2.097932937860207403e-01,-2.070122662676965319e-01,-1.991679611681149709e-01,-1.859292692087137766e-01,-1.670563504821416245e-01,-1.424206023535958821e-01,-1.120182618940503971e-01,-7.598824069876286558e-02,-3.461623850148498605e-02,1.165754615695391294e-02,6.224767834875422068e-02,1.164318422426759980e-01,1.733701322780802911e-01,2.321310111613286153e-01,2.917191001183141452e-01,3.511110218490358648e-01,4.092860150782371420e-01,4.652634712535501649e-01,5.181249325161587649e-01,5.670386223067112041e-01,6.112755296339571487e-01,6.502142260093961568e-01,6.833460009097933607e-01,7.102661126121745383e-01,7.306673871146927013e-01,7.443366881700228532e-01,7.511387600338821358e-01
7.774354298661592111e-01,7.700733127902594788e-01,7.555599315992083120e-01,7.340563658551388926e-01,7.058085520610575259e-01,6.711564005282326661e-01,6.305425877850865390e-01,5.845161271590626484e-01,5.337347791260924623e-01,4.789631418599071822e-01,4.210646808635942762e-01,3.609829708619116673e-01,2.997195287505718397e-01,2.383067248278223360e-01,1.777748163702739248e-01,1.191204285906621863e-01,6.327402595846365330e-02,1.107214958213376121e-02,-3.676466383630838664e-02,-7.965279944498604436e-02,-1.171508108029826190e-01,-1.489697818417567987e-01,-1.749652093241849116e-01,-1.951329867149524944e-01,-2.095939867794527345e-01,-2.185793327571445843e-01,-2.224131743992643351e-01,-2.214890053564744221e-01,-2.162530232878481229e-01,-2.071823945818778157e-01,-1.947669514073027131e-01,-1.794973989178032525e-01,-1.618480304218792298e-01,-1.422706030676579303e-01,-1.211836346314498769e-01,-9.896711622020859522e-02,-7.596178940281106406e-02,-5.246356376495953100e-02,-2.873039391377574248e-02,-4.982048252358595164e-03,1.859640180140331722e-02,4.184624629913002991e-02,6.463802020343223376e-02,8.686400388978654519e-02,1.084352885009565171e-01,1.292818594560998235e-01,1.493420916930858766e-01,1.685631070707671597e-01,1.868990315072522890e-01,2.043077230298706581e-01,2.207536097780575801e-01,2.362035194975362629e-01,2.506236238416761353e-01,2.639793443512417070e-01,2.762399602366514273e-01,2.873771948685828193e-01,2.973628312051630473e-01,3.061681378095926220e-01,3.137680647264460276e-01,3.201395051221140875e-01,3.252646029913250914e-01,3.291257799354525559e-01,3.317092914612658205e-01,3.330057804272001931e-01,3.330115112819385104e-01,3.317267704071298340e-01,3.291552955275989234e-01,3.253055184490989404e-01,3.201908964789765832e-01,3.138277736132550899e-01,3.062345585495052092e-01,2.974342061436487938e-01,2.874527022081991845e-01,2.763163066184972649e-01,2.640529737216752437e-01,2.506932404108539458e-01,2.362695142422097661e-01,2.208124147355903233e-01,2.043555177720719485e-01,1.869335293293090672e-01,1.685822732157191695e-01,1.493420916930858766e-01,1.292591220748136038e-01,1.083841265491400918e-01,8.677859822680034085e-02,6.451570460882294356e-02,4.168332843025268630e-02,1.838869034999390806e-02,-5.239140732484770524e-03,-2.904422817698559811e-02,-5.284166702567461016e-02,-7.641045271842017428e-02,-9.949198245925572337e-02,-1.217882111488961527e-01,-1.429576952975537552e-01,-1.626207603206921704e-01,-1.803592293130407143e-01,-1.957206412559457931e-01,-2.082296164218178092e-01,-2.173933229184115135e-01,-2.227181603870747040e-01,-2.237244186694908876e-01,-2.199609991419322341e-01,-2.110297527953974850e-01,-1.966014408217517939e-01,-1.764380396204643375e-01,-1.504136824804902517e-01,-1.185268499649794194e-01,-8.091874261795339862e-02,-3.787750783556020906e-02,1.015427924204459487e-02,6.258741598162487207e-02,1.186940622798715594e-01,1.776260972441860986e-01,2.384406250651522896e-01,3.001261066489178120e-01,3.616386372087987411e-01,4.219322810296119997e-01,4.799964811542594134e-01,5.348790956495008686e-01,5.857123270580189001e-01,6.317301102634189647e-01,6.722748401302567345e-01,7.068039379201138672e-01,7.348818025169521206e-01,7.561757912340709709e-01,7.704526916458576125e-01,7.775638326487523955e-01
8.047779305811957329e-01,7.971082350344289580e-01,7.819830341457247869e-01,7.595778266210260199e-01,7.301597330492768378e-01,6.940955550159628729e-01,6.518595784172021013e-01,6.040358944381409856e-01,5.513193507499920543e-01,4.945118788794786724e-01,4.345131189504769509e-01,3.723000482527396571e-01,3.089037552172726464e-01,2.453813014845991347e-01,1.827823885065242848e-01,1.221181845882739481e-01,6.432903038184178968e-02,1.025805714664329571e-02,-3.937040093293830978e-02,-8.397015754033532176e-02,-1.230979952594566385e-01,-1.564630716981980640e-01,-1.839182201675555461e-01,-2.054564414257384897e-01,-2.211947985210542811e-01,-2.313608245837031063e-01,-2.362751364518373975e-01,-2.363283856417268680e-01,-2.319656168380248573e-01,-2.236637210809959697e-01,-2.119150093759287756e-01,-1.972138767350628541e-01,-1.800403186049663873e-01,-1.608539518077236607e-01,-1.400814232584082220e-01,-1.181131538660906699e-01,-9.529977412253742841e-02,-7.194738043294535146e-02,-4.832428381115505545e-02,-2.465864818755392207e-02,-1.144514373294214238e-03,2.205221940909041223e-02,4.479552926302687865e-02,6.697175891767415123e-02,8.848845508636316026e-02,1.092718294257792877e-01,1.292591220748136038e-01,1.483964082136139950e-01,1.666369661208335629e-01,1.839401565457023935e-01,2.002716008193488051e-01,2.155995838542850151e-01,2.298923700637374168e-01,2.431190919163839226e-01,2.552504949700988846e-01,2.662606619476832748e-01,2.761249104013643318e-01,2.848183260096845970e-01,2.923167464166454010e-01,2.985997343849078334e-01,3.036515874645999702e-01,3.074566640737259604e-01,3.100025103087915568e-01,3.112797915144369654e-01,3.112860660037597427e-01,3.100219999814584071e-01,3.074906056918109698e-01,3.036987765891012714e-01,2.986584591189682669e-01,2.923852646163993541e-01,2.848959362708285425e-01,2.762100052621292434e-01,2.663506623211020496e-01,2.553421411674179353e-01,2.432100806870778342e-01,2.299816590203676014e-01,2.156860040194601424e-01,2.003517065780613393e-01,1.840095115186812791e-01,1.666930709552616463e-01,1.484374936427172997e-01,1.292818594560998235e-01,1.092718294257792877e-01,8.846016591772354332e-02,6.690906897171089440e-02,4.469554929440278102e-02,2.191171020170656902e-02,-1.330147041542772968e-03,-2.489558748143849698e-02,-4.862081483108227076e-02,-7.231194439611954294e-02,-9.573957918027531377e-02,-1.186333384613789121e-01,-1.406852802533364866e-01,-1.615445095761316452e-01,-1.808208443760719319e-01,-1.980886863441355672e-01,-2.128880554201231234e-01,-2.247374856241606267e-01,-2.331408749392096524e-01,-2.376015271047435817e-01,-2.376396580834381211e-01,-2.328051934554480340e-01,-2.227018158823028671e-01,-2.070039446774956104e-01,-1.854764617700368490e-01,-1.579973311644948808e-01,-1.245680037759484549e-01,-8.533220874127778188e-02,-4.058055236794189113e-02,9.242736807465234961e-03,6.354538633249262602e-02,1.215954469360269741e-01,1.825384600784616396e-01,2.454212773833432948e-01,3.092180275316138705e-01,3.728658195637422068e-01,4.352944077032248060e-01,4.954637500472358624e-01,5.523881868890896385e-01,6.051637793257782505e-01,6.529869195126423165e-01,6.951629409398947246e-01,7.311135907984436244e-01,7.603711858322128592e-01,7.825764076953589665e-01,7.974742850037443986e-01,8.049020495974730238e-01
8.329020580555663855e-01,8.249224817753741945e-01,8.091796967024151854e-01,7.858643612265723277e-01,7.552657776711271254e-01,7.177787909685946488e-01,6.739105380961518676e-01,6.242811917747843609e-01,5.696234362695520304e-01,5.107769568781463931e-01,4.486774654529881445e-01,3.843348210371289042e-01,3.188087207622629649e-01,2.531795418900770755e-01,1.885149072847980278e-01,1.258387628622870125e-01,6.609966906157183075e-02,1.014574511779642307e-02,-4.129623323572673144e-02,-8.763848908057525477e-02,-1.284367393698602200e-01,-1.633983674047669865e-01,-1.923734207398268836e-01,-2.153513998130023310e-01,-2.324445742728187270e-01,-2.438757619349303241e-01,-2.499604250884601697e-01,-2.510848866669732615e-01,-2.476911998552964178e-01,-2.402541093787817772e-01,-2.292666986858051814e-01,-2.152249320932497767e-01,-1.986131139772169263e-01,-1.798969944286170630e-01,-1.595103709478564724e-01,-1.378536228843074696e-01,-1.152867022203309944e-01,-9.212646812221692016e-02,-6.865160231293998550e-02,-4.509861153799477052e-02,-2.167136947259962199e-02,1.457405135766975945e-03,2.414440699223519005e-02,4.626842367321160054e-02,6.773321353568917402e-02,8.846016591772354332e-02,1.083841265491400918e-01,1.274506843801930245e-01,1.456116100039821504e-01,1.628260034086395081e-01,1.790598196405284170e-01,1.942836371659097949e-01,2.084679411973127117e-01,2.215842038040420903e-01,2.336041951867002808e-01,2.445041955907640840e-01,2.542620537338962095e-01,2.628562971682413263e-01,2.702658477484618516e-01,2.764715792774836700e-01,2.814581712584072193e-01,2.852127544854852204e-01,2.877248205150664262e-01,2.889861038406991156e-01,2.889935442201618798e-01,2.877474976465350665e-01,2.852513778997831650e-01,2.815114268695708688e-01,2.765380637947316700e-01,2.703446925875425677e-01,2.629466624007079645e-01,2.543614696417222376e-01,2.446097296224962747e-01,2.337135497906217552e-01,2.216954360472982444e-01,2.085803071963567845e-01,1.943948239994170990e-01,1.791657399395205630e-01,1.629216595881359808e-01,1.456947658905249909e-01,1.275195349736151229e-01,1.084352885009565171e-01,8.848845508636316026e-02,6.773321353568917402e-02,4.623458483783338124e-02,2.407331540018731175e-02,1.346044252557021537e-03,-2.182960942124623216e-02,-4.531093162098898119e-02,-6.892716343176630289e-02,-9.247417792403211934e-02,-1.157128217740535092e-01,-1.383629510503112670e-01,-1.601060944236678552e-01,-1.805827378728110943e-01,-1.993933036916359924e-01,-2.161050941339937026e-01,-2.302521845678597856e-01,-2.413481384721620771e-01,-2.488953282635009145e-01,-2.523958853132057811e-01,-2.513716708827047341e-01,-2.453757312845681327e-01,-2.340153300174137030e-01,-2.169701214910162435e-01,-1.940094939787684325e-01,-1.650159762009195674e-01,-1.299948427313921684e-01,-8.909237970942740503e-02,-4.260130060464462076e-02,9.033066923194610354e-03,6.521652860845961186e-02,1.252147614775509510e-01,1.881682919998013404e-01,2.531154648664255546e-01,3.190183993326343170e-01,3.847965407424425166e-01,4.493565995174435557e-01,5.116301566463619110e-01,5.705990906569979870e-01,6.253233917062175351e-01,6.749615234267594133e-01,7.187806876784890164e-01,7.561657112762674160e-01,7.866155070443028308e-01,8.097433389694117523e-01,8.252709629727803531e-01,8.330203480228846047e-01
8.616625200414347319e-01,8.533733007869841458e-01,8.370122744752706012e-01,8.127859214487784811e-01,7.810066009332530257e-01,7.420983237666689547e-01,6.966020300499735640e-01,6.451747907582330299e-01,5.885876274645482908e-01,5.277179816277168811e-01,4.635372159266069048e-01,3.970871416099726048e-01,3.294546644908962207e-01,2.617418296479314677e-01,1.950322443108944981e-01,1.303606867448792173e-01,6.868200066749352573e-02,1.084753669981353141e-02,-4.241499536317405727e-02,-9.051738086488114732e-02,-1.330150675844095076e-01,-1.696140007222908253e-01,-2.001614201701187312e-01,-2.246428009668193226e-01,-2.431647298435137827e-01,-2.559440236167631610e-01,-2.632892952929068997e-01,-2.655807641615695047e-01,-2.632552747273990690e-01,-2.567835019333131186e-01,-2.466571698813453395e-01,-2.333719481210465574e-01,-2.174149989273246319e-01,-1.992565092391345161e-01,-1.793365343750110696e-01,-1.580642030236276696e-01,-1.358079210532707748e-01,-1.128951526958559270e-01,-8.961412015503356088e-02,-6.621082547658829753e-02,-4.289879750352554311e-02,-1.985851920846926078e-02,2.757978856237741638e-03,2.482318265650462763e-02,4.623458483783338124e-02,6.690906897171089440e-02,8.677859822680034085e-02,1.057861220816960213e-01,1.238821870601043429e-01,1.410246124979863680e-01,1.571795340724264634e-01,1.723178835194829617e-01,1.864124657643344563e-01,1.994362555418973670e-01,2.113634234475370022e-01,2.221714446069853466e-01,2.318400664544668643e-01,2.403509016345850569e-01,2.476846447197118550e-01,2.538239432638818016e-01,2.587550099264603887e-01,2.624667854454969529e-01,2.649500190665747823e-01,2.661974723882138960e-01,2.662060179767422596e-01,2.649760324528358524e-01,2.625107920222404800e-01,2.588159123372406611e-01,2.539002151138305408e-01,2.477758318698732865e-01,2.404560749546789111e-01,2.319571417489356691e-01,2.222967985985349060e-01,2.114949201478566465e-01,1.995724640298135455e-01,1.865517972323971208e-01,1.724570982846103107e-01,1.573138803451286094e-01,1.411500283684148371e-01,1.239965680114210045e-01,1.058878733558827889e-01,8.686400388978654519e-02,6.697175891767415123e-02,4.626842367321160054e-02,2.482318265650462763e-02,2.720229492439329988e-03,-1.993732794481672954e-02,-4.302559445970643992e-02,-6.639412723632176494e-02,-8.986383250046969806e-02,-1.132201201779139410e-01,-1.362140144566836852e-01,-1.585559842834811661e-01,-1.799168764201226622e-01,-1.999296322981223284e-01,-2.181865031816698774e-01,-2.342483274415059213e-01,-2.476456393605701578e-01,-2.578883309095516552e-01,-2.644790380457067158e-01,-2.669210890984032858e-01,-2.647392867573614694e-01,-2.574922161132633391e-01,-2.447922249374983039e-01,-2.263259722817991815e-01,-2.018687881171246090e-01,-1.713086883546139916e-01,-1.346555052847975276e-01,-9.205811801869856481e-02,-4.381113591566077048e-02,9.639659662724398004e-03,6.769958966732758654e-02,1.296332693799229219e-01,1.945779034693799758e-01,2.615659165965951161e-01,3.295493634836788033e-01,3.974318362293161044e-01,4.640991559638933950e-01,5.284561965118257376e-01,5.894534704367941913e-01,6.461151177699377968e-01,6.975616413148202355e-01,7.430209808046299713e-01,7.818406428727513457e-01,8.134850346471012017e-01,8.375388738557205670e-01,8.536999858521880924e-01,8.617734975013036092e-01
8.909013479877643249e-01,8.823054945836190655e-01,8.653310616076055339e-01,8.402009569419988111e-01,8.072514736981446504e-01,7.669366441208183005e-01,7.198320061025071936e-01,6.666320797055789171e-01,6.081463153038697556e-01,5.452896248794019129e-01,4.790681577302393634e-01,4.105543094908341573e-01,3.408604474945207130e-01,2.711081579855942891e-01,2.023948469879996992e-01,1.357638248213959287e-01,7.217410596044260274e-02,1.247831902071538934e-02,-4.259651708292722105e-02,-9.246296139301080075e-02,-1.366770565229558088e-01,-1.749435893742514736e-01,-2.071070023561105700e-01,-2.331481442107161683e-01,-2.531670411232482820e-01,-2.673732854463537478e-01,-2.760669949928882261e-01,-2.796207010445073138e-01,-2.784639411830625022e-01,-2.730614048341664102e-01,-2.639012916091871830e-01,-2.514766968405837133e-01,-2.362757613200869855e-01,-2.187707748507818906e-01,-1.994067969054924561e-01,-1.786001127651104525e-01,-1.567269779866933277e-01,-1.341253421131511914e-01,-1.110924820425225334e-01,-8.788457300272511930e-02,-6.472454412872252760e-02,-4.180067913095797394e-02,-1.927434690426821362e-02,2.720229492439329988e-03,2.407331540018731175e-02,4.469554929440278102e-02,6.451570460882294356e-02,8.347325375846992301e-02,1.015177221718488454e-01,1.186045441448015936e-01,1.346985574624568471e-01,1.497701244412610322e-01,1.637935849516765074e-01,1.767440910415842836e-01,1.885974674826798037e-01,1.993321212489007621e-01,2.089295810593227998e-01,2.173725358587006440e-01,2.246439691238180103e-01,2.307290976352760481e-01,2.356150885608485623e-01,2.392920925030210810e-01,2.417514188306597589e-01,2.429874790576462829e-01,2.429973849938562580e-01,2.417815697696141797e-01,2.393421595210725172e-01,2.356847433289885885e-01,2.308169901295116233e-01,2.247495705930901977e-01,2.174944762401906928e-01,2.090660737532203939e-01,1.994801746940311205e-01,1.887547173256507449e-01,1.769086673051987191e-01,1.639629818322845267e-01,1.499399332742257229e-01,1.348642501346546396e-01,1.187629580460338730e-01,1.016671021120174601e-01,8.361161756309343218e-02,6.463802020343223376e-02,4.479552926302687865e-02,2.414440699223519005e-02,2.757978856237741638e-03,-1.927434690426821362e-02,-4.184275840788131973e-02,-6.481612149707416393e-02,-8.803528016150607982e-02,-1.113112390012247488e-01,-1.344209337356971901e-01,-1.571045571600109270e-01,-1.790640219603432115e-01,-1.999609410770801787e-01,-2.194205321879678650e-01,-2.370288095060573141e-01,-2.523408633501986742e-01,-2.648852807558341738e-01,-2.741703372021930818e-01,-2.797005828278145145e-01,-2.809830786531222202e-01,-2.775476277229245170e-01,-2.689605016922058667e-01,-2.548413646538278954e-01,-2.348852838478734384e-01,-2.088752110461484790e-01,-1.767053201446060484e-01,-1.383906649520838528e-01,-9.408270171925892100e-02,-4.407763876606907161e-02,1.117911888877642923e-02,7.109382158208177316e-02,1.349313173483466244e-01,2.018280266563579062e-01,2.708128558547713283e-01,3.408297415168846101e-01,4.107692004298542088e-01,4.794985888714222710e-01,5.458979890610748953e-01,6.088874348884587562e-01,6.674558160570711607e-01,7.206862201925474665e-01,7.677671188605188490e-01,8.080082341004128921e-01,8.408389377032250422e-01,8.658137074497176400e-01,8.826062137765831039e-01,8.910036454423533314e-01
9.204478940015690114e-01,9.115513516043591835e-01,8.939742850849228262e-01,8.679565833256219776e-01,8.338591089838303105e-01,7.921666352248735166e-01,7.434898400863687584e-01,6.885608565341669873e-01,6.282273720152318219e-01,5.634410100306013192e-01,4.952414076572466684e-01,4.247298026163974782e-01,3.530417913181906897e-01,2.813161178203529289e-01,2.106614389103782514e-01,1.421271269688446637e-01,7.667406965440193289e-02,1.515410544371320611e-02,-4.170813316177657271e-02,-9.332730724582916082e-02,-1.392609601366956440e-01,-1.792131680857949050e-01,-2.130256648765964655e-01,-2.406742315292262901e-01,-2.622515854260996093e-01,-2.779588390289546851e-01,-2.880860449184297067e-01,-2.929962045191842890e-01,-2.931092687362593097e-01,-2.888818783040676408e-01,-2.807961277503068231e-01,-2.693405313213617092e-01,-2.550020634801200003e-01,-2.382531756290404701e-01,-2.195426058968337202e-01,-1.992919997814368571e-01,-1.778845860239073318e-01,-1.556676339821478905e-01,-1.329467385448310779e-01,-1.099884190838764653e-01,-8.702455649324747355e-02,-6.425245514508048927e-02,-4.184275840788131973e-02,-1.993732794481672954e-02,1.346044252557021537e-03,2.191171020170656902e-02,4.168332843025268630e-02,6.059720099918308733e-02,7.859943617890507994e-02,9.564398033542431676e-02,1.116934963501563516e-01,1.267169065538666928e-01,1.406888531067522763e-01,1.535854304418649008e-01,1.653837879674568967e-01,1.760633957340331790e-01,1.856066351417666738e-01,1.939976148145206025e-01,2.012216278863974139e-01,2.072648775327792237e-01,2.121160062774691824e-01,2.157659433588605680e-01,2.182073243543243279e-01,2.194352095958720383e-01,2.194467563979713987e-01,2.182421044328179960e-01,2.158235050036694247e-01,2.121959312230501382e-01,2.073662263498903258e-01,2.013435855754153181e-01,1.941382868704835118e-01,1.857640350889937508e-01,1.762350864092496749e-01,1.655675345154463685e-01,1.537788617367539246e-01,1.408889109613653545e-01,1.269192484236754126e-01,1.118935980084359016e-01,9.583968557092248375e-02,7.878837614578060311e-02,6.077607365345727430e-02,4.184624629913002991e-02,2.205221940909041223e-02,1.457405135766975945e-03,-1.985851920846926078e-02,-4.180067913095797394e-02,-6.425245514508048927e-02,-8.707418325127491698e-02,-1.100981635666187231e-01,-1.331256491977512724e-01,-1.559242475917557158e-01,-1.782239277684993795e-01,-1.997184876002791043e-01,-2.200613028391416037e-01,-2.388702401648430396e-01,-2.557273386683220906e-01,-2.701831420534404060e-01,-2.817661614510171830e-01,-2.899856589947518160e-01,-2.943495136924667577e-01,-2.943714285271141762e-01,-2.895879558202807402e-01,-2.795753761406132298e-01,-2.639626529714433900e-01,-2.424547893895407924e-01,-2.148438844740354625e-01,-1.810310840232460805e-01,-1.410372304867166804e-01,-9.501652169055319064e-02,-4.326629007687188277e-02,1.376938523902992983e-02,7.549889519923169701e-02,1.411893428633561598e-01,2.099790458250652136e-01,2.808953455590739168e-01,3.528769197885566200e-01,4.248043241511254564e-01,4.955285766910151324e-01,5.639069876778251000e-01,6.288305337671715733e-01,6.892546932654539660e-01,7.442255676691331701e-01,7.928929118897798389e-01,8.345280166422242019e-01,8.685250356937501692e-01,8.944067858100481772e-01,9.118221914277455653e-01,9.205402343529840437e-01
9.501189546250117246e-01,9.409308324806318069e-01,9.227683137709448147e-01,8.958886491090112258e-01,8.606777914719430100e-01,8.176517269493501772e-01,7.674564354385466913e-01,7.108615434764402607e-01,6.487523127793508593e-01,5.821159027049844781e-01,5.120237317714213532e-01,4.396036218755909886e-01,3.660118423400149368e-01,2.924014816579898479e-01,2.198896592911694370e-01,1.495290923227940993e-01,8.228009207903141942e-02,1.899153052349333848e-02,-3.961611935420705777e-02,-9.296098160787380493e-02,-1.406030384086562890e-01,-1.822460674098493882e-01,-2.177292092014369018e-01,-2.470226642248007920e-01,-2.702111385340089100e-01,-2.874860338313993680e-01,-2.991258600624036035e-01,-3.054824579444357369e-01,-3.069641026913814130e-01,-3.040174919121909625e-01,-2.971162118509766970e-01,-2.867419535888870996e-01,-2.733781731240867430e-01,-2.574949779695998586e-01,-2.395429170954344045e-01,-2.199467418450780087e-01,-1.990957298723969870e-01,-1.773451898011728645e-01,-1.550088448534836516e-01,-1.323635539048382270e-01,-1.096496551884911241e-01,-8.707418325127491698e-02,-6.481612149707416393e-02,-4.302559445970643992e-02,-2.182960942124623216e-02,-1.330147041542772968e-03,1.838869034999390806e-02,3.725954165156508680e-02,5.522548306339558621e-02,7.223775387059561126e-02,8.825651243459731177e-02,1.032484545105347706e-01,1.171869191142604905e-01,1.300475815646819910e-01,1.418089050550150887e-01,1.524509268654128391e-01,1.619572420023729364e-01,1.703125359685486728e-01,1.775033220324928607e-01,1.835169073605982248e-01,1.883434808596007315e-01,1.919746246234126374e-01,1.944036532402577677e-01,1.956257052769103666e-01,1.956388205851027351e-01,1.944432317067708027e-01,1.920404911658408764e-01,1.884347610116918759e-01,1.836326860839818664e-01,1.776423548277108466e-01,1.704733720984137335e-01,1.621374464493783307e-01,1.526482965278432857e-01,1.420204236823536803e-01,1.302710147039078947e-01,1.174188288748894138e-01,1.034854465795262968e-01,8.849436587064474224e-02,7.247437005952406253e-02,5.545762952159805081e-02,3.748278065094723388e-02,1.859640180140331722e-02,-1.144514373294214238e-03,-2.167136947259962199e-02,-4.289879750352554311e-02,-6.472454412872252760e-02,-8.702455649324747355e-02,-1.096496551884911241e-01,-1.324239056563669692e-01,-1.551383255009568529e-01,-1.775517614958062040e-01,-1.993852924326517950e-01,-2.203241903471564456e-01,-2.400152954493535162e-01,-2.580700215300737455e-01,-2.740674833263199162e-01,-2.875559824768743056e-01,-2.980653392603898055e-01,-3.051085838906004710e-01,-3.081991261278176353e-01,-3.068598353505365139e-01,-3.006367186740988018e-01,-2.891178809213386103e-01,-2.719440145865377190e-01,-2.488312345529237746e-01,-2.195822396604967253e-01,-1.841058232686236806e-01,-1.424289840203130098e-01,-9.470869749129917636e-02,-4.124267193357411543e-02,1.752716177378488283e-02,8.101290560716734035e-02,1.484862168449438968e-01,2.190892821028000981e-01,2.918502649638980984e-01,3.657059723385032157e-01,4.395295724998220521e-01,5.121581061495135145e-01,5.824286797666786697e-01,6.492055964331342466e-01,7.114134806224399199e-01,7.680619511245936337e-01,8.182630056040665067e-01,8.612494732709308209e-01,8.963800194825211065e-01,9.231451043297624892e-01,9.411681838685410639e-01,9.502001335767147339e-01
9.797190173679410918e-01,9.702518082684292722e-01,9.515278321583480192e-01,9.238219607961468682e-01,8.875455529101401453e-01,8.432459419096858255e-01,7.916042838484713684e-01,7.334270969917326966e-01,6.696361119928724293e-01,6.012524010076276682e-01,5.293769145263240716e-01,4.551614456986783352e-01,3.797799172958065128e-01,3.043966836300739942e-01,2.301342711555207643e-01,1.580458699051234817e-01,8.908868284693483020e-02,2.410638341321202915e-02,-3.618648168948368493e-02,-9.121289871896465229e-02,-1.405362261189679884e-01,-1.838604697053938253e-01,-2.210223478709991696e-01,-2.519861696469263279e-01,-2.768280575469219684e-01,-2.957285927284374338e-01,-3.089534306534886809e-01,-3.168414745868517457e-01,-3.197872774246235394e-01,-3.182254634201342469e-01,-3.126184615825735591e-01,-3.034390596126286255e-01,-2.911644717261197002e-01,-2.762605478351929378e-01,-2.591775721579949732e-01,-2.403414433514257098e-01,-2.201462492976844487e-01,-1.989534297277373298e-01,-1.770842053294927609e-01,-1.548249001020707283e-01,-1.324239056563669692e-01,-1.100981635666187231e-01,-8.803528016150607982e-02,-6.639412723632176494e-02,-4.531093162098898119e-02,-2.489558748143849698e-02,-5.239140732484770524e-03,1.358501264340361558e-02,3.151570465605857407e-02,4.850130940970132087e-02,6.449808867432693660e-02,7.947036089048253871e-02,9.338971516727667677e-02,1.062309071079710066e-01,1.179723259056260076e-01,1.285938258694301339e-01,1.380794595738166208e-01,1.464142164275585856e-01,1.535856898802308024e-01,1.595817581423375486e-01,1.643937317888060079e-01,1.680135175552095461e-01,1.704352271634377303e-01,1.716541687512034287e-01,1.716689843144081351e-01,1.704794679477288355e-01,1.680873631633232890e-01,1.644960187223603043e-01,1.597117800435086110e-01,1.537418966843944190e-01,1.465952418305960236e-01,1.382827514708822036e-01,1.288176552592972257e-01,1.182136556411705897e-01,1.064873564087065461e-01,9.365756850593243144e-02,7.974646030348253589e-02,6.477818481027952657e-02,4.878285838226759097e-02,3.179506591629888135e-02,1.385653149105792181e-02,-4.982048252358595164e-03,-2.465864818755392207e-02,-4.509861153799477052e-02,-6.621082547658829753e-02,-8.788457300272511930e-02,-1.099884190838764653e-01,-1.323635539048382270e-01,-1.548249001020707283e-01,-1.771538801426970622e-01,-1.991003419544341568e-01,-2.203770823844166671e-01,-2.406614021014092941e-01,-2.595953224056160025e-01,-2.767850821926316485e-01,-2.918086311985490511e-01,-3.042146985516183122e-01,-3.135359804926167726e-01,-3.192924200605489204e-01,-3.210049058055517435e-01,-3.182080762076111569e-01,-3.104597100136174959e-01,-2.973616358137292082e-01,-2.785682606861286104e-01,-2.538081277522934442e-01,-2.228957295144198270e-01,-1.857482114269686235e-01,-1.423990269341857129e-01,-9.300782520247707907e-02,-3.787198934645630288e-02,2.256954063523153309e-02,8.773442125982455764e-02,1.569006753103110441e-01,2.292162102544352820e-01,3.037131600077884741e-01,3.793294302826950570e-01,4.549332060894926144e-01,5.293509934278119999e-01,6.014029079233154107e-01,6.699296710128948007e-01,7.338271105903118041e-01,7.920700134734062203e-01,8.437333019630699482e-01,8.880122098517944096e-01,9.242297119705256137e-01,9.518440613302487918e-01,9.704525101094390038e-01,9.797879560354658679e-01
1.009040885960743594e+00,9.993106909471123345e-01,9.800565371073446386e-01,9.515710227589408987e-01,9.142909219785337882e-01,8.687947442439423185e-01,8.157982237008525317e-01,7.561437159424286847e-01,6.907878535588736213e-01,6.207834367966000855e-01,5.472582935350089883e-01,4.713850617905279705e-01,3.943519704019422534e-01,3.173312349859713777e-01,2.414475112723266648e-01,1.677514621211884105e-01,9.719454682337413942e-02,3.061299238906656228e-02,-3.128636465211798168e-02,-8.793276621649681601e-02,-1.388938673222526177e-01,-1.838744157487042230e-01,-2.227088775848073965e-01,-2.553553211346581975e-01,-2.818807700159595697e-01,-3.024538721835199340e-01,-3.173262476277898259e-01,-3.268222648667915564e-01,-3.313209363890621262e-01,-3.312429850542741860e-01,-3.270373499388341543e-01,-3.191658291672894165e-01,-3.080968367860634771e-01,-2.942895176701512128e-01,-2.781914843722290698e-01,-2.602272407742560745e-01,-2.407940097623253450e-01,-2.202574963604604363e-01,-1.989458957445719989e-01,-1.771538801426970622e-01,-1.551383255009568529e-01,-1.331256491977512724e-01,-1.113112390012247488e-01,-8.986383250046969806e-02,-6.892716343176630289e-02,-4.862081483108227076e-02,-2.904422817698559811e-02,-1.027712793973023508e-02,7.613035865091433152e-03,2.457102171003100466e-02,4.054936755343874211e-02,5.551011734495148175e-02,6.942125718038028026e-02,8.225639769622716813e-02,9.399186003027182323e-02,1.046071770756213937e-01,1.140862775348523428e-01,1.224145528945541628e-01,1.295796865239111639e-01,1.355695722545817716e-01,1.403760403342459995e-01,1.439917232004859216e-01,1.464112990758508204e-01,1.476299820113666783e-01,1.476464468503877470e-01,1.464606509362909037e-01,1.440743563964304030e-01,1.404903858040995601e-01,1.357148430271166717e-01,1.297544845848079831e-01,1.226178727293643078e-01,1.143153340146625396e-01,1.048599574035904425e-01,9.426550192543459161e-02,8.254880899099248381e-02,6.972930271155064474e-02,5.583005853226552517e-02,4.087708525159428063e-02,2.490259315817411334e-02,7.944628058623948164e-03,-9.951696464071346782e-03,-2.873039391377574248e-02,-4.832428381115505545e-02,-6.865160231293998550e-02,-8.961412015503356088e-02,-1.110924820425225334e-01,-1.329467385448310779e-01,-1.550088448534836516e-01,-1.770842053294927609e-01,-1.989458957445719989e-01,-2.203343607819476802e-01,-2.409557211656760956e-01,-2.604801177840272430e-01,-2.785455840123347571e-01,-2.947553755370222461e-01,-3.086877037562061332e-01,-3.198944160104133516e-01,-3.279133224933872270e-01,-3.322739168838779733e-01,-3.325074372808671797e-01,-3.281623129576303199e-01,-3.188109231425642065e-01,-3.040702047038621458e-01,-2.836102842939567381e-01,-2.571731389450917504e-01,-2.245859587193876905e-01,-1.857748804780783303e-01,-1.407797936157351160e-01,-8.976294000481743751e-02,-3.302075759070532968e-02,2.901180861499597086e-02,9.575950871490590544e-02,1.665080775225220577e-01,2.404136382881176814e-01,3.165154102912168810e-01,3.937547997386587895e-01,4.709982991198700120e-01,5.470660214129736687e-01,6.207644521042681163e-01,6.909143257206409316e-01,7.563842143338064261e-01,8.161167397143032076e-01,8.691510730446339039e-01,9.146462140554376674e-01,9.518896088682140544e-01,9.803079261522782417e-01,9.994720087897661642e-01,1.009096643827817275e+00
1.037866569929917659e+00,1.027893264845189947e+00,1.008147879153824533e+00,9.789406175630972484e-01,9.407334015515687042e-01,8.941353083423848602e-01,8.398955714745000023e-01,7.788908316609166604e-01,7.121104571341732026e-01,6.406363340029201936e-01,5.656199543943216668e-01,4.882512969913364032e-01,4.097291739814892253e-01,3.312299976074086771e-01,2.538771160710666663e-01,1.787155562055318114e-01,1.066884078027783289e-01,3.862222358368683217e-02,-2.478557899661382180e-02,-8.297184284162995027e-02,-1.355093992796554403e-01,-1.821042887430053270e-01,-2.225889332840438328e-01,-2.569150001608875300e-01,-2.851400192244284426e-01,-3.074198450439951102e-01,-3.239910600752580194e-01,-3.351619651311921189e-01,-3.412943921764792776e-01,-3.427931157094405989e-01,-3.400912811564893445e-01,-3.336375232292709825e-01,-3.238886679719996664e-01,-3.112952633448173856e-01,-2.962995196657374208e-01,-2.793228295238634473e-01,-2.607633496064352130e-01,-2.409890800500846808e-01,-2.203343607819476802e-01,-1.991003419544341568e-01,-1.775517614958062040e-01,-1.559242475917557158e-01,-1.344209337356971901e-01,-1.132201201779139410e-01,-9.247417792403211934e-02,-7.231194439611954294e-02,-5.284166702567461016e-02,-3.415067445919817146e-02,-1.631253697070178532e-02,6.122861139772339811e-04,1.657124958407507620e-02,3.152251879508582988e-02,4.543049130064957808e-02,5.826702185512999677e-02,7.000618304071792863e-02,8.062696981059502832e-02,9.011125134054509545e-02,9.844459235259250818e-02,1.056139959573130227e-01,1.116077677510531885e-01,1.164172995239454167e-01,1.200356363949168781e-01,1.224574332898384910e-01,1.236781953092958020e-01,1.236965538388830055e-01,1.225126750692453470e-01,1.201279973335829254e-01,1.165454274108128629e-01,1.117705738936365378e-01,1.058105574161629647e-01,9.867359151631660552e-02,9.037021863376537567e-02,8.091339347258497128e-02,7.031783354432263877e-02,5.860078980668959048e-02,4.578345926297799906e-02,3.189024653225658312e-02,1.695025802521854530e-02,9.981783664443355519e-04,-1.592325587127163544e-02,-3.376453681477187274e-02,-5.246356376495953100e-02,-7.194738043294535146e-02,-9.212646812221692016e-02,-1.128951526958559270e-01,-1.341253421131511914e-01,-1.556676339821478905e-01,-1.773451898011728645e-01,-1.989534297277373298e-01,-2.202574963604604363e-01,-2.409890800500846808e-01,-2.608487285436211778e-01,-2.795008601160162698e-01,-2.965810316644876821e-01,-3.116923476263764314e-01,-3.244146296911196714e-01,-3.343061598390733025e-01,-3.409118180038888113e-01,-3.437732376754780717e-01,-3.424345165557269866e-01,-3.364597795341666142e-01,-3.254382388878838128e-01,-3.090034661473737287e-01,-2.868427792346039951e-01,-2.587127442428567292e-01,-2.244539682612582965e-01,-1.840022030368544392e-01,-1.374038180025536349e-01,-8.482361047990139014e-02,-2.655651342743681198e-02,3.696754209441621697e-02,1.051814884635859926e-01,1.773805108607007242e-01,2.527317992065718499e-01,3.302840748648350200e-01,4.089850786368174340e-01,4.877039476057518641e-01,5.652582131882581962e-01,6.404440646653029034e-01,7.120657799559637624e-01,7.789672517829586695e-01,8.400618685915048900e-01,8.943555547824928453e-01,9.409726431528753210e-01,9.791659254834854664e-01,1.008331084432114721e+00,1.028013088206435555e+00,1.037908418333245208e+00
1.065968316884493561e+00,1.055775774758359375e+00,1.035586194413880889e+00,1.005727025251587747e+00,9.666846854033792624e-01,9.190977252192027436e-01,8.637472921371340817e-01,8.015421384418601747e-01,7.335016915550625072e-01,6.607336719226850619e-01,5.844095723335556158e-01,5.057327714305870359e-01,4.259086232670057370e-01,3.461138617607986134e-01,2.674669235371709419e-01,1.910040614288561756e-01,1.176573381694367981e-01,4.824146966177522700e-02,-1.655720593257115070e-02,-7.618442135967029571e-02,-1.302190026764833419e-01,-1.783688275050820948e-01,-2.204644488981273298e-01,-2.564509859206367537e-01,-2.863761183830462187e-01,-3.103820574181241909e-01,-3.286894914711524507e-01,-3.415892276825900353e-01,-3.494245438484142596e-01,-3.525825388138628114e-01,-3.514786284804358729e-01,-3.465463978221094976e-01,-3.382286996175594140e-01,-3.269652921291879011e-01,-3.131902551325538298e-01,-2.973193255849082561e-01,-2.797494936274489419e-01,-2.608487285436211778e-01,-2.409557211656760956e-01,-2.203770823844166671e-01,-1.993852924326517950e-01,-1.782239277684993795e-01,-1.571045571600109270e-01,-1.362140144566836852e-01,-1.157128217740535092e-01,-9.573957918027531377e-02,-7.641045271842017428e-02,-5.782256616109293645e-02,-4.005639970198160427e-02,-2.317923137410105028e-02,-7.248704054390486817e-03,7.688438161579824737e-03,2.159299637087030987e-02,3.443375273049298357e-02,4.618211846221242922e-02,5.681499645601206794e-02,6.631227952804863435e-02,7.465891031733917771e-02,8.184068440340297457e-02,8.784597163584351165e-02,9.266496877320662406e-02,9.629119674764297088e-02,9.871877094113301609e-02,9.994380825426674164e-02,9.996418461001610467e-02,9.878054004354908102e-02,9.639403576028371390e-02,9.280808761427294939e-02,8.802784856882794884e-02,8.206103317802160291e-02,7.491571197583368757e-02,6.660355414445007227e-02,5.713773275792277673e-02,4.653463746473107676e-02,3.481245913170027961e-02,2.199487748009687493e-02,8.108456097886573843e-03,-6.814067944091561913e-03,-2.273431827291005902e-02,-3.960461430995110277e-02,-5.736992445891075931e-02,-7.596178940281106406e-02,-9.529977412253742841e-02,-1.152867022203309944e-01,-1.358079210532707748e-01,-1.567269779866933277e-01,-1.778845860239073318e-01,-1.990957298723969870e-01,-2.201462492976844487e-01,-2.407940097623253450e-01,-2.607633496064352130e-01,-2.797494936274489419e-01,-2.974136660166095680e-01,-3.133900085532843605e-01,-3.272840097038738350e-01,-3.386793391419331556e-01,-3.471430787702729504e-01,-3.522301379080943207e-01,-3.534962322378731869e-01,-3.505012539779102099e-01,-3.428265012269520184e-01,-3.300802637005233464e-01,-3.119139259934371466e-01,-2.880332624654187157e-01,-2.582103969372724350e-01,-2.222998369404791674e-01,-1.802475328860424497e-01,-1.321062904417829031e-01,-7.804348338582656197e-02,-1.835189448485152752e-02,4.654434580317001746e-02,1.160874018981701283e-01,1.895841882971183168e-01,2.662152023332566841e-01,3.450408707989822688e-01,4.250189629404133029e-01,5.050254729445242674e-01,5.838785302152018630e-01,6.603679060515048604e-01,7.332846488484392466e-01,8.014524083368286256e-01,8.637585162930605520e-01,9.191787692045636504e-01,9.668047510515123122e-01,1.005856310029912493e+00,1.035698946679318055e+00,1.055852656726031569e+00,1.065995758939749294e+00
1.093110284642335728e+00,1.082726518332705723e+00,1.062148175782766657e+00,1.031719311688334528e+00,9.919497429615091733e-01,9.435058932039339652e-01,8.871985941425037936e-01,8.239659680998698832e-01,7.548541703724822582e-01,6.809929763450384144e-01,6.035697105124882000e-01,5.237968200492844062e-01,4.428818913119414447e-01,3.619978974368223135e-01,2.822546986816689696e-01,2.046766025851098902e-01,1.301820675883078593e-01,5.957190465299788684e-02,-6.480155247842844801e-03,-6.742990218653233114e-02,-1.228628924248766907e-01,-1.724893447545809977e-01,-2.161381375448740982e-01,-2.537478194402922327e-01,-2.853559862188603802e-01,-3.110906494269016775e-01,-3.311559216399189154e-01,-3.458239754219789575e-01,-3.554183444296086236e-01,-3.603067356151257172e-01,-3.608850635897340453e-01,-3.575697636231893739e-01,-3.507873466801356699e-01,-3.409647755045028816e-01,-3.285253668522472026e-01,-3.138773864501018807e-01,-2.974136660166095680e-01,-2.795008601160162698e-01,-2.604801177840272430e-01,-2.406614021014092941e-01,-2.203241903471564456e-01,-1.997184876002791043e-01,-1.790640219603432115e-01,-1.585559842834811661e-01,-1.383629510503112670e-01,-1.186333384613789121e-01,-9.949198245925572337e-02,-8.104536915131177466e-02,-6.338133180391025689e-02,-4.657465413644956698e-02,-3.068871843913711928e-02,-1.577645048681119988e-02,-1.881927711622211064e-03,1.095947936445895721e-02,2.271629816473819119e-02,3.336260364187637606e-02,4.287608115512853146e-02,5.123987912605798556e-02,5.843858007774827001e-02,6.445967188852819163e-02,6.929240300937067332e-02,7.292995152067760500e-02,7.536596054518440724e-02,7.659657394835051036e-02,7.661921484290701301e-02,7.543485637657454390e-02,7.304438753368458492e-02,6.945178989738565178e-02,6.466215751780168830e-02,5.868407151410792721e-02,5.152607555949373364e-02,4.320098170865094289e-02,3.372303427843803547e-02,2.311062514296224890e-02,1.138401253838594585e-02,-1.430244015281800785e-03,-1.530238783362847244e-02,-3.019547823910784246e-02,-4.606634181368463032e-02,-6.286186280195238396e-02,-8.052051211302568845e-02,-9.896711622020859522e-02,-1.181131538660906699e-01,-1.378536228843074696e-01,-1.580642030236276696e-01,-1.786001127651104525e-01,-1.992919997814368571e-01,-2.199467418450780087e-01,-2.403414433514257098e-01,-2.602272407742560745e-01,-2.793228295238634473e-01,-2.973193255849082561e-01,-3.138773864501018807e-01,-3.286311330614068993e-01,-3.411913982687053704e-01,-3.511478472380673566e-01,-3.580786138758469406e-01,-3.615512646832996779e-01,-3.611373305648442056e-01,-3.564148209549244939e-01,-3.469837630918846116e-01,-3.324731153334141709e-01,-3.125534544896595435e-01,-2.869499285247485432e-01,-2.554512438755978110e-01,-2.179262437519469131e-01,-1.743315761563337674e-01,-1.247265216481565631e-01,-6.928087038721741919e-02,-8.284678152008950747e-03,5.784441484445324022e-02,1.285592576976597456e-01,2.031805324501192445e-01,2.809035996515945044e-01,3.608034236266206563e-01,4.418516570117105857e-01,5.229342994519043941e-01,6.028732781790893114e-01,6.804567722085721471e-01,7.544663893785639175e-01,8.237105608866670536e-01,8.870544282972048222e-01,9.434469840022927656e-01,9.919496046041587078e-01,1.031751481691259187e+00,1.062189533437887690e+00,1.082759818658971085e+00,1.093123094517395089e+00
1.119050272935481871e+00,1.108507604849549466e+00,1.087604640363394992e+00,1.056701042158110226e+00,1.016328475319227209e+00,9.671790070869690226e-01,9.100903207801565031e-01,8.460264750337529449e-01,7.760564159040228560e-01,7.013276125391314508e-01,6.230385757419298898e-01,5.424061495024261603e-01,4.606355825003731752e-01,3.788918990496057404e-01,2.982726421610095713e-01,2.197870519123057420e-01,1.443374528694505443e-01,7.270880969345228095e-02,5.560823478177212564e-03,-5.657341043692554194e-02,-1.132868247470639744e-01,-1.642924581481111090e-01,-2.094176608415239116e-01,-2.485944415078051861e-01,-2.818500883251431333e-01,-3.092979287756918438e-01,-3.311249267197666768e-01,-3.475835582388526745e-01,-3.589766882947458271e-01,-3.656511254271492817e-01,-3.679819242262851731e-01,-3.663666931951041761e-01,-3.612138312438446519e-01,-3.529355140744883101e-01,-3.419417080425830591e-01,-3.286311330614068993e-01,-3.133900085532843605e-01,-2.965810316644876821e-01,-2.785455840123347571e-01,-2.595953224056160025e-01,-2.400152954493535162e-01,-2.200613028391416037e-01,-1.999609410770801787e-01,-1.799168764201226622e-01,-1.601060944236678552e-01,-1.406852802533364866e-01,-1.217882111488961527e-01,-1.035306090072793950e-01,-8.600827985539183373e-02,-6.930434212611658040e-02,-5.348875417462295445e-02,-3.862157422332757051e-02,-2.475222698596724058e-02,-1.192119489959964085e-02,-1.633489693801948306e-04,1.049188090865982304e-02,2.001937950967658253e-02,2.839965869856087011e-02,3.561570465858210355e-02,4.165366308752993518e-02,4.650160146890414126e-02,5.015175204648869567e-02,5.259717400380736763e-02,5.383378359502444255e-02,5.385876296102765082e-02,5.267302622809211243e-02,5.027768164227097714e-02,4.667706192390141950e-02,4.187683826890520322e-02,3.588636849022464048e-02,2.871537578900529297e-02,2.037809134242252185e-02,1.089069466397063479e-02,2.737280365749938937e-04,-1.144952154378131581e-02,-2.424935191206145646e-02,-3.809150687484930131e-02,-5.293474996557279155e-02,-6.872981929029720050e-02,-8.541800337113159003e-02,-1.029299618879235823e-01,-1.211836346314498769e-01,-1.400814232584082220e-01,-1.595103709478564724e-01,-1.793365343750110696e-01,-1.994067969054924561e-01,-2.195426058968337202e-01,-2.395429170954344045e-01,-2.591775721579949732e-01,-2.781914843722290698e-01,-2.962995196657374208e-01,-3.131902551325538298e-01,-3.285253668522472026e-01,-3.419417080425830591e-01,-3.530571304034140212e-01,-3.614703441677136198e-01,-3.667722761539096155e-01,-3.685459858575654835e-01,-3.663803430727483601e-01,-3.598737160703677773e-01,-3.486461511384106871e-01,-3.323486453988522271e-01,-3.106720932086233233e-01,-2.833616505975271593e-01,-2.502234479821936475e-01,-2.111408723653198649e-01,-1.660816436064038726e-01,-1.151114373141979286e-01,-5.840219864150242302e-02,3.759159541473877653e-03,7.096228405873716838e-02,1.426721379316973071e-01,2.182243752779982060e-01,2.968308522291351892e-01,3.775843074692772916e-01,4.594732469453504109e-01,5.413963396551935148e-01,6.221835318328885478e-01,7.006263586172281066e-01,7.755020666518532835e-01,8.456084940257682092e-01,9.097931093466229413e-01,9.669818063942017261e-01,1.016209252098661864e+00,1.056636711409964846e+00,1.087574918127046431e+00,1.108497443252815629e+00,1.119048469170650151e+00
1.143542193032914156e+00,1.132877332293745098e+00,1.111722718808067611e+00,1.080452285420221870e+00,1.039617432608892500e+00,9.899330259819834055e-01,9.322600590680707455e-01,8.675844223649278319e-01,7.969932643580506237e-01,7.216468118321017755e-01,6.427496802681673671e-01,5.615180924190497080e-01,4.791502234664619664e-01,3.967988497080341403e-01,3.155454818854650512e-01,2.363812204992967736e-01,1.601898562455659203e-01,8.773871346909345448e-02,1.967220831998872654e-02,-4.348856940112000302e-02,-1.013444555104285882e-01,-1.536116921986376838e-01,-2.001162389529014263e-01,-2.407836431418388656e-01,-2.756307839106284518e-01,-3.047560599858627484e-01,-3.283289142604530753e-01,-3.465814374577860235e-01,-3.597950856268994357e-01,-3.682945442394611746e-01,-3.724328557503895354e-01,-3.725871321900058319e-01,-3.691458469397730369e-01,-3.625043631487017137e-01,-3.530571304034140212e-01,-3.411913982687053704e-01,-3.272840097038738350e-01,-3.116923476263764314e-01,-2.947553755370222461e-01,-2.767850821926316485e-01,-2.580700215300737455e-01,-2.388702401648430396e-01,-2.194205321879678650e-01,-1.999296322981223284e-01,-1.805827378728110943e-01,-1.615445095761316452e-01,-1.429576952975537552e-01,-1.249472703988203648e-01,-1.076177281160255461e-01,-9.106037304989911263e-02,-7.535189033191613817e-02,-6.055992187951630967e-02,-4.673952318754004409e-02,-3.393772906480307938e-02,-2.219335980892367388e-02,-1.154055483985416686e-02,-2.007260848273517695e-03,6.383510850312745788e-03,1.361287763231189274e-02,1.966468420739886369e-02,2.452596958663377791e-02,2.818738406924126139e-02,3.064162476275100744e-02,3.188373144277534266e-02,3.191094047053866234e-02,3.072381662914835943e-02,2.832408983347534104e-02,2.471628468617836916e-02,1.990724573300894917e-02,1.390706206456115979e-02,6.727423384532471573e-03,-1.615995189709451552e-03,-1.110411759204055215e-02,-2.171400181384797179e-02,-3.341834138031174462e-02,-4.618394125360225644e-02,-5.997121084821799286e-02,-7.473410356537613097e-02,-9.041658610406955177e-02,-1.069537970313803044e-01,-1.242683113151628049e-01,-1.422706030676579303e-01,-1.608539518077236607e-01,-1.798969944286170630e-01,-1.992565092391345161e-01,-2.187707748507818906e-01,-2.382531756290404701e-01,-2.574949779695998586e-01,-2.762605478351929378e-01,-2.942895176701512128e-01,-3.112952633448173856e-01,-3.269652921291879011e-01,-3.409647755045028816e-01,-3.529355140744883101e-01,-3.625043631487017137e-01,-3.692815843295136347e-01,-3.728725338051503968e-01,-3.728780074717406023e-01,-3.689057220055786956e-01,-3.605759429469657107e-01,-3.475301746154002558e-01,-3.294423399519530449e-01,-3.060247699050790970e-01,-2.770430995018671183e-01,-2.423215276213710467e-01,-2.017581578802207787e-01,-1.553319566975375210e-01,-1.031148690579470895e-01,-4.528073272236099456e-02,1.788701884143506504e-02,8.598619481644220741e-02,1.584947424424285600e-01,2.347640930569525608e-01,3.140248383319601544e-01,3.953901193952447102e-01,4.778673980843564095e-01,5.603713811547947898e-01,6.417453461735078690e-01,7.207885358994587932e-01,7.962795394297899065e-01,8.670102323823698498e-01,9.318152610350409759e-01,9.896019662094062141e-01,1.039382546175517064e+00,1.080293934397133171e+00,1.111623584194120440e+00,1.132824626979186178e+00,1.143526064242948337e+00
1.166338709150835484e+00,1.155592804038462873e+00,1.134268425027613603e+00,1.102752019063188982e+00,1.061612050247148886e+00,1.011582645311818851e+00,9.535438600351113791e-01,8.884986117776492165e-01,8.175470036783281103e-01,7.418565496832627559e-01,6.626324496594406810e-01,5.810850365167112841e-01,4.984005175219294870e-01,4.157151104803915587e-01,3.340906087113779677e-01,2.544970142764526599e-01,1.777972991094856070e-01,1.047395143368134995e-01,3.595167548328959128e-02,-2.805787802313375323e-02,-8.689830997252556699e-02,-1.402893907383599981e-01,-1.880557858019216155e-01,-2.301167127849907956e-01,-2.664785482194673705e-01,-2.972246471396431389e-01,-3.225066168238157616e-01,-3.425356060019737470e-01,-3.575710932410771647e-01,-3.679145953083775566e-01,-3.738963821920435748e-01,-3.758716304660083551e-01,-3.742077358104438645e-01,-3.692815843295136347e-01,-3.614703441677136198e-01,-3.511478472380673566e-01,-3.386793391419331556e-01,-3.244146296911196714e-01,-3.086877037562061332e-01,-2.918086311985490511e-01,-2.740674833263199162e-01,-2.557273386683220906e-01,-2.370288095060573141e-01,-2.181865031816698774e-01,-1.993933036916359924e-01,-1.808208443760719319e-01,-1.626207603206921704e-01,-1.449262437213292287e-01,-1.278507132079482744e-01,-1.114934084413334858e-01,-9.593873688078247142e-02,-8.126165555458442213e-02,-6.752412726292789102e-02,-5.477984757897047530e-02,-4.307245087522915128e-02,-3.244126546314873849e-02,-2.291757826901630324e-02,-1.452864011827159629e-02,-7.295481348762677953e-03,-1.237188538851796693e-03,3.632096573355170221e-03,7.300939986095045242e-03,9.761640730772569441e-03,1.100794947738847895e-02,1.103742461671686215e-02,9.849972485952207535e-03,7.448350712621731873e-03,3.837068316684622005e-03,-9.753059786987705593e-04,-6.977877556778366852e-03,-1.415638730293267145e-02,-2.249351467726512510e-02,-3.196665234152362700e-02,-4.255006442210174100e-02,-5.421176957324291834e-02,-6.691453790151058456e-02,-8.061283069515923216e-02,-9.525515218612667923e-02,-1.107783124595442814e-01,-1.271105818653666120e-01,-1.441663496569844938e-01,-1.618480304218792298e-01,-1.800403186049663873e-01,-1.986131139772169263e-01,-2.174149989273246319e-01,-2.362757613200869855e-01,-2.550020634801200003e-01,-2.733781731240867430e-01,-2.911644717261197002e-01,-3.080968367860634771e-01,-3.238886679719996664e-01,-3.382286996175594140e-01,-3.507873466801356699e-01,-3.612138312438446519e-01,-3.691458469397730369e-01,-3.742077358104438645e-01,-3.760208354026275401e-01,-3.742057381812884387e-01,-3.683903402645398728e-01,-3.582180760331397096e-01,-3.433530346192839033e-01,-3.234926300568048418e-01,-2.983714495767202379e-01,-2.677757638186619715e-01,-2.315482534600334930e-01,-1.896017405619261353e-01,-1.419264776208137846e-01,-8.860059319067659089e-02,-2.979965104638893081e-02,3.419665339515631786e-02,1.029948986418958157e-01,1.760862826390763303e-01,2.528391926823019276e-01,3.325051539033552217e-01,4.142192977320178215e-01,4.970103848172016114e-01,5.798135050436883375e-01,6.614903678438253110e-01,7.408522694183830026e-01,8.166843541342245771e-01,8.877778259608533062e-01,9.529598210584708795e-01,1.011124644834268338e+00,1.061266943915228467e+00,1.102503715819011632e+00,1.134102672023544756e+00,1.155499149939871018e+00,1.166308759900957170e+00
1.187194518102444363e+00,1.176413074430811889e+00,1.155009558160088545e+00,1.123380756819045700e+00,1.082108917415681049e+00,1.031943187263138384e+00,9.737777212421150352e-01,9.086269414901124719e-01,8.375980364799602285e-01,7.618597905555191119e-01,6.826121093338173296e-01,6.010539179012539535e-01,5.183544920283367219e-01,4.356291810695722688e-01,3.539164793248659180e-01,2.741624543586169693e-01,1.972071348465789242e-01,1.237778330925323189e-01,5.448522087993978857e-02,-1.017568437465854458e-02,-6.982266388762070619e-02,-1.241792230859175561e-01,-1.730687903064449529e-01,-2.164043787543192821e-01,-2.541818652722582783e-01,-2.864696018553729573e-01,-3.134012652044759761e-01,-3.351668274696351091e-01,-3.520034599508221618e-01,-3.641889082209530670e-01,-3.720300149534097045e-01,-3.758589234780913557e-01,-3.760208354026275401e-01,-3.728725338051503968e-01,-3.667722761539096155e-01,-3.580786138758469406e-01,-3.471430787702729504e-01,-3.343061598390733025e-01,-3.198944160104133516e-01,-3.042146985516183122e-01,-2.875559824768743056e-01,-2.701831420534404060e-01,-2.523408633501986742e-01,-2.342483274415059213e-01,-2.161050941339937026e-01,-1.980886863441355672e-01,-1.803592293130407143e-01,-1.630574977689320804e-01,-1.463063684506238360e-01,-1.302128097265864426e-01,-1.148694606696949450e-01,-1.003582072580684326e-01,-8.674831100215385504e-02,-7.409979671997746209e-02,-6.246236963249884866e-02,-5.188035303612537064e-02,-4.238958159018579863e-02,-3.402136109193065749e-02,-2.679983826831744409e-02,-2.074711274950402640e-02,-1.587918827685541601e-02,-1.220963166424837709e-02,-9.746924655885891298e-03,-8.498542733093472634e-03,-8.466903986715124120e-03,-9.652531829260624363e-03,-1.205173675300841296e-02,-1.565962951211474774e-02,-2.046591789171259279e-02,-2.645842582995783232e-02,-3.362018389924514850e-02,-4.193159696396264735e-02,-5.136631990950490945e-02,-6.189512982092537641e-02,-7.348120527558421600e-02,-8.608252966453733279e-02,-9.964752121234710103e-02,-1.141184920983988604e-01,-1.294251817159590701e-01,-1.454883227046366301e-01,-1.622144318451432810e-01,-1.794973989178032525e-01,-1.972138767350628541e-01,-2.152249320932497767e-01,-2.333719481210465574e-01,-2.514766968405837133e-01,-2.693405313213617092e-01,-2.867419535888870996e-01,-3.034390596126286255e-01,-3.191658291672894165e-01,-3.336375232292709825e-01,-3.465463978221094976e-01,-3.575697636231893739e-01,-3.663666931951041761e-01,-3.725871321900058319e-01,-3.758716304660083551e-01,-3.758589234780913557e-01,-3.721907761934346581e-01,-3.645166613854655679e-01,-3.525038971752678663e-01,-3.358402237095816645e-01,-3.142468731868746090e-01,-2.874812597391098734e-01,-2.553504007030085177e-01,-2.177156196836165236e-01,-1.745044621577704902e-01,-1.257184148857248829e-01,-7.144178144534407693e-02,-1.185174106829833818e-02,5.277595788307110070e-02,1.220568626638680598e-01,1.954957599194671047e-01,2.724795585081523086e-01,3.522820285900252202e-01,4.340615838102053203e-01,5.168716320653885532e-01,5.996721023138036344e-01,6.813468868699885661e-01,7.607241656952368203e-01,8.366005446110307275e-01,9.077724636512130019e-01,9.730656975330020941e-01,1.031367647788158592e+00,1.081661098962371170e+00,1.123048204394578420e+00,1.154781181746812990e+00,1.176280792606831938e+00,1.187151498102849700e+00
1.205869903290420098e+00,1.195102663029487644e+00,1.173719094499062976e+00,1.142123715500048320e+00,1.100908649431673325e+00,1.050833130601560583e+00,9.927997227550520165e-01,9.278281611754550795e-01,8.570262237416272910e-01,7.815574852062212585e-01,7.026103358050193037e-01,6.213666178375376603e-01,5.389736680659211743e-01,4.565217317526446550e-01,3.750225468047716504e-01,2.953955735482907130e-01,2.184559304287461146e-01,1.449088898004902148e-01,7.534697745697371829e-02,1.025146181791569688e-02,-5.000424834244654448e-02,-1.051475193901012517e-01,-1.550005739135542626e-01,-1.994703691504469134e-01,-2.385423188324864441e-01,-2.722699472823535416e-01,-3.007689618964946021e-01,-3.242081141521708787e-01,-3.428020246378906677e-01,-3.568042319575255306e-01,-3.664977464523104800e-01,-3.721907761934346581e-01,-3.742057381812884387e-01,-3.728780074717406023e-01,-3.685459858575654835e-01,-3.615512646832996779e-01,-3.522301379080943207e-01,-3.409118180038888113e-01,-3.279133224933872270e-01,-3.135359804926167726e-01,-2.980653392603898055e-01,-2.817661614510171830e-01,-2.648852807558341738e-01,-2.476456393605701578e-01,-2.302521845678597856e-01,-2.128880554201231234e-01,-1.957206412559457931e-01,-1.788978436673005490e-01,-1.625512457369495678e-01,-1.467951871836561395e-01,-1.317304917209298765e-01,-1.174458277693304353e-01,-1.040179359995789810e-01,-9.151329420335230225e-02,-7.998799050471916416e-02,-6.949167356839325294e-02,-6.006523440696298621e-02,-5.174412526429250647e-02,-4.455628062692085223e-02,-3.852676340505922781e-02,-3.367415026568210124e-02,-3.001394492613940201e-02,-2.755597906610773862e-02,-2.630873463415639435e-02,-2.627501133260068400e-02,-2.745543482529910762e-02,-2.984563876280788008e-02,-3.343991279527358529e-02,-3.822640662787080146e-02,-4.419103559968107220e-02,-5.131422197646884342e-02,-5.957337229300208037e-02,-6.893850574914495155e-02,-7.937603557235206608e-02,-9.084442812702775427e-02,-1.032959963195025921e-01,-1.166733769668155674e-01,-1.309118673098197405e-01,-1.459345684085349149e-01,-1.616541139917018199e-01,-1.779698247120791166e-01,-1.947669514073027131e-01,-2.119150093759287756e-01,-2.292666986858051814e-01,-2.466571698813453395e-01,-2.639012916091871830e-01,-2.807961277503068231e-01,-2.971162118509766970e-01,-3.126184615825735591e-01,-3.270373499388341543e-01,-3.400912811564893445e-01,-3.514786284804358729e-01,-3.608850635897340453e-01,-3.679819242262851731e-01,-3.724328557503895354e-01,-3.738963821920435748e-01,-3.720300149534097045e-01,-3.664977464523104800e-01,-3.569716984087420997e-01,-3.431434985651975467e-01,-3.247252305640984105e-01,-3.014619718123441316e-01,-2.731342575652888627e-01,-2.395697588411991319e-01,-2.006484561135835065e-01,-1.563125839172414544e-01,-1.065748007228251026e-01,-5.152566293530469466e-02,8.656139860079292703e-03,7.369881925644961029e-02,1.432269612066363607e-01,2.167596715515998085e-01,2.937035642369494326e-01,3.733551699713757444e-01,4.548982046968319537e-01,5.374143883680915224e-01,6.198919607763855311e-01,7.012399570632510404e-01,7.803084310975094695e-01,8.559109121177783663e-01,9.268554445415304599e-01,9.919731910336935243e-01,1.050151345929435820e+00,1.100367210275891239e+00,1.141713895622075370e+00,1.173433042498700729e+00,1.194934661070419679e+00,1.205814758537712805e+00
1.222134834129931846e+00,1.211435469335924608e+00,1.190178812878770032e+00,1.158774052373956920e+00,1.117818682393760810e+00,1.068076399906260576e+00,1.010451822713122283e+00,9.459631459154422828e-01,8.757116948008558666e-01,8.008489143453800807e-01,7.225452037753115064e-01,6.419595183437110109e-01,5.602122708539809537e-01,4.783644636621602331e-01,3.973977860526076711e-01,3.182025920240221240e-01,2.415672954437582121e-01,1.681739830342934283e-01,9.859637529343956430e-02,3.330170374810847989e-02,-2.734550965544713108e-02,-8.307651085213763054e-02,-1.337122940800838933e-01,-1.791538774147909407e-01,-2.193763028612352173e-01,-2.544185333098880619e-01,-2.843784608897408361e-01,-3.094038012370390334e-01,-3.296866698052411948e-01,-3.454562950541344435e-01,-3.569716984087420997e-01,-3.645166613854655679e-01,-3.683903402645398728e-01,-3.689057220055786956e-01,-3.663803430727483601e-01,-3.611373305648442056e-01,-3.534962322378731869e-01,-3.437732376754780717e-01,-3.322739168838779733e-01,-3.192924200605489204e-01,-3.051085838906004710e-01,-2.899856589947518160e-01,-2.741703372021930818e-01,-2.578883309095516552e-01,-2.413481384721620771e-01,-2.247374856241606267e-01,-2.082296164218178092e-01,-1.919786115856965125e-01,-1.761239662194640232e-01,-1.607870827752293508e-01,-1.460769895158335885e-01,-1.320888384110787683e-01,-1.189071213154875295e-01,-1.066041976854137374e-01,-9.524297531686443108e-02,-8.487808289744691592e-02,-7.555603320324166816e-02,-6.731632539670329152e-02,-6.019110584273335007e-02,-5.420835889665909235e-02,-4.938971518234325231e-02,-4.575256859291698674e-02,-4.330853810463963782e-02,-4.206687143732779077e-02,-4.203116708333709539e-02,-4.320180511977866900e-02,-4.557405366320210760e-02,-4.914090688052397127e-02,-5.388919413482540222e-02,-5.980239312420110309e-02,-6.685845545905522158e-02,-7.503122357036318135e-02,-8.428718638697318966e-02,-9.458786851152467534e-02,-1.058871223105910531e-01,-1.181311618887264103e-01,-1.312569686916447154e-01,-1.451925861441054622e-01,-1.598547262088345633e-01,-1.751479634368138250e-01,-1.909648306649387450e-01,-2.071823945818778157e-01,-2.236637210809959697e-01,-2.402541093787817772e-01,-2.567835019333131186e-01,-2.730614048341664102e-01,-2.888818783040676408e-01,-3.040174919121909625e-01,-3.182254634201342469e-01,-3.312429850542741860e-01,-3.427931157094405989e-01,-3.525825388138628114e-01,-3.603067356151257172e-01,-3.656511254271492817e-01,-3.682945442394611746e-01,-3.679145953083775566e-01,-3.641889082209530670e-01,-3.568042319575255306e-01,-3.454562950541344435e-01,-3.298612079794622787e-01,-3.097558373258806341e-01,-2.849090844967889780e-01,-2.551246243769895727e-01,-2.202506889551330005e-01,-1.801857618485485091e-01,-1.348867111029790067e-01,-8.437725280313657095e-02,-2.875420246755311382e-02,3.180234871686593578e-02,9.702453971983970860e-02,1.665462787046863014e-01,2.399017834696905993e-01,3.165177048168743568e-01,3.957140409940365089e-01,4.767025382364948882e-01,5.585958810278270903e-01,6.404127844019882332e-01,7.210909711195512273e-01,7.995072280307624624e-01,8.744981137254796977e-01,9.448899085670063869e-01,1.009526311451395486e+00,1.067301531039930751e+00,1.117194348317212871e+00,1.158295312574921354e+00,1.189841067261554031e+00,1.211235303564492938e+00,1.222068729069235360e+00
1.235773321533883973e+00,1.225199074907550312e+00,1.204183400861921882e+00,1.173136681076414334e+00,1.132656690564999735e+00,1.083505353704310892e+00,1.026582357090887854e+00,9.628969331045453828e-01,8.935364116899791043e-01,8.196328465895845738e-01,7.423319661026823724e-01,6.627639808614986805e-01,5.820174513703477714e-01,5.011201393587469965e-01,4.210205778655335962e-01,3.425777062326602618e-01,2.665516107543055568e-01,1.936001865907428510e-01,1.242777976797384554e-01,5.903744932111010257e-02,-1.765234721389674633e-03,-5.786533103352553553e-02,-1.090825729337154826e-01,-1.553121527997944895e-01,-1.965188892518199282e-01,-2.327275473288352714e-01,-2.640184559614908721e-01,-2.905186679553253271e-01,-3.123979077409728689e-01,-3.298612079794622787e-01,-3.431434985651975467e-01,-3.525038971752678663e-01,-3.582180760331397096e-01,-3.605759429469657107e-01,-3.598737160703677773e-01,-3.564148209549244939e-01,-3.505012539779102099e-01,-3.424345165557269866e-01,-3.325074372808671797e-01,-3.210049058055517435e-01,-3.081991261278176353e-01,-2.943495136924667577e-01,-2.797005828278145145e-01,-2.644790380457067158e-01,-2.488953282635009145e-01,-2.331408749392096524e-01,-2.173933229184115135e-01,-2.018123023127458282e-01,-1.865439091870939592e-01,-1.717161567415388390e-01,-1.574453352461517852e-01,-1.438329442171522032e-01,-1.309706224356830262e-01,-1.189365129084194450e-01,-1.078001552744467517e-01,-9.762098392732809771e-02,-8.845140165060172421e-02,-8.033469072117327414e-02,-7.330771299558591636e-02,-6.740102405325387736e-02,-6.263987295513118170e-02,-5.904321483251351310e-02,-5.662496637600611393e-02,-5.539476268104692736e-02,-5.535745587496876396e-02,-5.651277255697095825e-02,-5.885599323323731369e-02,-6.237831909901103700e-02,-6.706559697752823013e-02,-7.289834386683935463e-02,-7.985231635780110082e-02,-8.789727849955397687e-02,-9.699644880252833445e-02,-1.071060335411146980e-01,-1.181755354512574741e-01,-1.301448519322150332e-01,-1.429456295488762407e-01,-1.564987505141886004e-01,-1.707149463524615385e-01,-1.854912678933544612e-01,-2.007139861751880971e-01,-2.162530232878481229e-01,-2.319656168380248573e-01,-2.476911998552964178e-01,-2.632552747273990690e-01,-2.784639411830625022e-01,-2.931092687362593097e-01,-3.069641026913814130e-01,-3.197872774246235394e-01,-3.313209363890621262e-01,-3.412943921764792776e-01,-3.494245438484142596e-01,-3.554183444296086236e-01,-3.589766882947458271e-01,-3.597950856268994357e-01,-3.575710932410771647e-01,-3.520034599508221618e-01,-3.428020246378906677e-01,-3.296866698052411948e-01,-3.123979077409728689e-01,-2.906975050189828380e-01,-2.643779495774225552e-01,-2.332658732985493089e-01,-1.972298506365746107e-01,-1.561865972407758818e-01,-1.101074999956779266e-01,-5.902713512473667379e-02,-3.048525078241937081e-03,5.764694631376698908e-02,1.227953866747668599e-01,1.920404555449266581e-01,2.649317519135081511e-01,3.409159236827576933e-01,4.193379019012297704e-01,4.994397128996155288e-01,5.803662401056328690e-01,6.611684985503814005e-01,7.408172548089737575e-01,8.182209814812182458e-01,8.922455108900919640e-01,9.617422135686695128e-01,1.025574708005407842e+00,1.082651833708183631e+00,1.131961355160555627e+00,1.172598363297836954e+00,1.203800714775894676e+00,1.224970788684174750e+00,1.235697591319635080e+00
1.246588219674734432e+00,1.236199330394214257e+00,1.215544711113935250e+00,1.185032064473773517e+00,1.145253859770889449e+00,1.096963469361185162e+00,1.041048145401731517e+00,9.785002374235176603e-01,9.103851474164059709e-01,8.378080088173192053e-01,7.618830831948173454e-01,6.837059726568099904e-01,6.043285561098770131e-01,5.247415142967781776e-01,4.458573116184538776e-01,3.685013542379067530e-01,2.934039411791076191e-01,2.211978898775583957e-01,1.524177418855146016e-01,8.750215419246387683e-02,2.679789627637774174e-02,-2.943383098843810330e-02,-8.101143152941858716e-02,-1.278243546389745688e-01,-1.698273669468903790e-01,-2.070314485425228668e-01,-2.394997540722840768e-01,-2.673392089777735237e-01,-2.906975050189828380e-01,-3.097558373258806341e-01,-3.247252305640984105e-01,-3.358402237095816645e-01,-3.433530346192839033e-01,-3.475301746154002558e-01,-3.486461511384106871e-01,-3.469837630918846116e-01,-3.428265012269520184e-01,-3.364597795341666142e-01,-3.281623129576303199e-01,-3.182080762076111569e-01,-3.068598353505365139e-01,-2.943714285271141762e-01,-2.809830786531222202e-01,-2.669210890984032858e-01,-2.523958853132057811e-01,-2.376015271047435817e-01,-2.227181603870747040e-01,-2.079099466064491253e-01,-1.933277935611528164e-01,-1.791056354337854373e-01,-1.653657880127354929e-01,-1.522158769922441479e-01,-1.397539234259568275e-01,-1.280638830437226261e-01,-1.172212155006207013e-01,-1.072902943373890139e-01,-9.832883626893362816e-02,-9.038419138165920685e-02,-8.349751892231438433e-02,-7.770214561089971994e-02,-7.302668173970516818e-02,-6.949181944847282466e-02,-6.711367169933168952e-02,-6.590233190038929934e-02,-6.586384889718033264e-02,-6.699735649542049032e-02,-6.929809144995147108e-02,-7.275549608850440109e-02,-7.735436074725043909e-02,-8.307230394585474187e-02,-8.988278886494072140e-02,-9.775161913239571732e-02,-1.066386804928356469e-01,-1.164950801788222634e-01,-1.272659594600611399e-01,-1.388853022014586713e-01,-1.512795322971527412e-01,-1.643630181748392260e-01,-1.780408204003123274e-01,-1.922034411238797702e-01,-2.067314586259669795e-01,-2.214890053564744221e-01,-2.363283856417268680e-01,-2.510848866669732615e-01,-2.655807641615695047e-01,-2.796207010445073138e-01,-2.929962045191842890e-01,-3.054824579444357369e-01,-3.168414745868517457e-01,-3.268222648667915564e-01,-3.351619651311921189e-01,-3.415892276825900353e-01,-3.458239754219789575e-01,-3.475835582388526745e-01,-3.465814374577860235e-01,-3.425356060019737470e-01,-3.351668274696351091e-01,-3.242081141521708787e-01,-3.094038012370390334e-01,-2.905186679553253271e-01,-2.673392089777735237e-01,-2.396812202631934952e-01,-2.073938728090070072e-01,-1.703657620594327682e-01,-1.285313995293222433e-01,-8.187642276971018873e-02,-3.044594418958013193e-02,2.565097371963531714e-02,8.623180482200609731e-02,1.510367944495101256e-01,2.197195611028917028e-01,2.918448483670914584e-01,3.668796678468737582e-01,4.441955114439508634e-01,5.230654471307474296e-01,6.026672256055718435e-01,6.820868433140248044e-01,7.603324696696773799e-01,8.363494384800276293e-01,9.090389144088106832e-01,9.772842329015531959e-01,1.039976467251022996e+00,1.096047025753534854e+00,1.144500622480776997e+00,1.184444549111390188e+00,1.215124633901567108e+00,1.235947480207215676e+00,1.246504375588912694e+00
1.254406154406652263e+00,1.244265205937296059e+00,1.224096367443735289e+00,1.194300470510569312e+00,1.155458684066530850e+00,1.108308643308291153e+00,1.053717252371527024e+00,9.926516939241025739e-01,9.261472269962354176e-01,8.552743830148443749e-01,7.811091229297204563e-01,7.047066328147906233e-01,6.270774102579963483e-01,5.491713880827262528e-01,4.718622460734707147e-01,3.959399220763373251e-01,3.221036199537081757e-01,2.509602888119530917e-01,1.830242323913324753e-01,1.187196561216978807e-01,5.838451885122708518e-02,2.276416093522470874e-03,-4.942167648894724152e-02,-9.659354780721685074e-02,-1.391841439697714122e-01,-1.771911283696709916e-01,-2.106609943235184801e-01,-2.396812202631934952e-01,-2.643779495774225552e-01,-2.849090844967889780e-01,-3.014619718123441316e-01,-3.142468731868746090e-01,-3.234926300568048418e-01,-3.294423399519530449e-01,-3.323486453988522271e-01,-3.324731153334141709e-01,-3.300802637005233464e-01,-3.254382388878838128e-01,-3.188109231425642065e-01,-3.104597100136174959e-01,-3.006367186740988018e-01,-2.895879558202807402e-01,-2.775476277229245170e-01,-2.647392867573614694e-01,-2.513716708827047341e-01,-2.376396580834381211e-01,-2.237244186694908876e-01,-2.097932937860207403e-01,-1.960005745576012259e-01,-1.824851203854791493e-01,-1.693739577862487522e-01,-1.567801568659348277e-01,-1.448070865626078785e-01,-1.335441025953514327e-01,-1.230718449876206932e-01,-1.134592877869948779e-01,-1.047689353775922427e-01,-9.705206829438850491e-02,-9.035380869303821783e-02,-8.471021243056497951e-02,-8.015296115706860292e-02,-7.670458469269192392e-02,-7.438316309566062046e-02,-7.319937051246938609e-02,-7.316024304074630891e-02,-7.426449764851383861e-02,-7.650716269385782198e-02,-7.987608365890253026e-02,-8.435488114031386431e-02,-8.991851784406890147e-02,-9.653808072337710655e-02,-1.041757607755187109e-01,-1.127880989043745785e-01,-1.223216489890006642e-01,-1.327172543393118076e-01,-1.439037984366677847e-01,-1.558026768913123306e-01,-1.683228568064976116e-01,-1.813641110114048161e-01,-1.948118240947280810e-01,-2.085414939783589716e-01,-2.224131743992643351e-01,-2.362751364518373975e-01,-2.499604250884601697e-01,-2.632892952929068997e-01,-2.760669949928882261e-01,-2.880860449184297067e-01,-2.991258600624036035e-01,-3.089534306534886809e-01,-3.173262476277898259e-01,-3.239910600752580194e-01,-3.286894914711524507e-01,-3.311559216399189154e-01,-3.311249267197666768e-01,-3.283289142604530753e-01,-3.225066168238157616e-01,-3.134012652044759761e-01,-3.007689618964946021e-01,-2.843784608897408361e-01,-2.640184559614908721e-01,-2.394997540722840768e-01,-2.106609943235184801e-01,-1.773732917096992878e-01,-1.395447978621859875e-01,-9.712724938850669787e-02,-5.012015640505751435e-02,1.421230905009451817e-03,5.738201034063195038e-02,1.175786884683134303e-01,1.817557486214980145e-01,2.495765968337906315e-01,3.206209228224281560e-01,3.943769342090774899e-01,4.702434312164029961e-01,5.475242363223316033e-01,6.254312490717950368e-01,7.030890135518461648e-01,7.795470278430229882e-01,8.537925075824261967e-01,9.247677987617208828e-01,9.913949883319332912e-01,1.052600240512674645e+00,1.107345694896295640e+00,1.154661342307278460e+00,1.193674755726249259e+00,1.223646936699040566e+00,1.243994669759089788e+00,1.254315826811463808e+00
1.259082696648988531e+00,1.249253749687596837e+00,1.229698378290748906e+00,1.200806109353166562e+00,1.163140558605732622e+00,1.117416179816856925e+00,1.064471366573116029e+00,1.005239629126094769e+00,9.407177327426410329e-01,8.719338886185710180e-01,7.999189770768850849e-01,7.256820705397899474e-01,6.501877391811916596e-01,5.743416750735121923e-01,4.989762366609795663e-01,4.248441197459555951e-01,3.526122495982519922e-01,2.828609827272430266e-01,2.160839847678914794e-01,1.526908818797352296e-01,9.301082905439272963e-02,3.729790650716324762e-02,-1.426350119800190441e-02,-6.155160626812516966e-02,-1.045017832961150361e-01,-1.430988693473267404e-01,-1.773732917096992878e-01,-2.073938728090070072e-01,-2.332658732985493089e-01,-2.551246243769895727e-01,-2.731342575652888627e-01,-2.874812597391098734e-01,-2.983714495767202379e-01,-3.060247699050790970e-01,-3.106720932086233233e-01,-3.125534544896595435e-01,-3.119139259934371466e-01,-3.090034661473737287e-01,-3.040702047038621458e-01,-2.973616358137292082e-01,-2.891178809213386103e-01,-2.795753761406132298e-01,-2.689605016922058667e-01,-2.574922161132633391e-01,-2.453757312845681327e-01,-2.328051934554480340e-01,-2.199609991419322341e-01,-2.070122662676965319e-01,-1.941148324634554001e-01,-1.814112626191786148e-01,-1.690315457116895459e-01,-1.570933005714891806e-01,-1.457037806635810284e-01,-1.349573483038852828e-01,-1.249386554981981590e-01,-1.157211071457879825e-01,-1.073709840363079593e-01,-9.994351613553931202e-02,-9.348704752395065043e-02,-8.804043907328207297e-02,-8.363783153522774683e-02,-8.030373373055965658e-02,-7.805777981332084892e-02,-7.691138308636880083e-02,-7.687224455600016881e-02,-7.793891766709748481e-02,-8.010599021400821584e-02,-8.336004176375411134e-02,-8.768334568966906772e-02,-9.304868999988968881e-02,-9.942467595817561232e-02,-1.067704962932367607e-01,-1.150393795958564169e-01,-1.241741095623183355e-01,-1.341114341425537759e-01,-1.447761307645833995e-01,-1.560850242039322211e-01,-1.679429009567172670e-01,-1.802450026506505765e-01,-1.928730791875921113e-01,-2.056986261443825015e-01,-2.185793327571445843e-01,-2.313608245837031063e-01,-2.438757619349303241e-01,-2.559440236167631610e-01,-2.673732854463537478e-01,-2.779588390289546851e-01,-2.874860338313993680e-01,-2.957285927284374338e-01,-3.024538721835199340e-01,-3.074198450439951102e-01,-3.103820574181241909e-01,-3.110906494269016775e-01,-3.092979287756918438e-01,-3.047560599858627484e-01,-2.972246471396431389e-01,-2.864696018553729573e-01,-2.722699472823535416e-01,-2.544185333098880619e-01,-2.327275473288352714e-01,-2.070314485425228668e-01,-1.771911283696709916e-01,-1.430988693473267404e-01,-1.046817517587612656e-01,-6.190804576000630277e-02,-1.479062717159251861e-02,3.660555765554818208e-02,9.216001663000383815e-02,1.516884462574807912e-01,2.149395022264428690e-01,2.815861073497814004e-01,3.512230963751221680e-01,4.233604797184113977e-01,4.974239742773534090e-01,5.727481931938314119e-01,6.485815153850182924e-01,7.240904162296715185e-01,7.983692995382227764e-01,8.704518742576823342e-01,9.393273118933223031e-01,1.003963130152754957e+00,1.063328234186755594e+00,1.116423771713755286e+00,1.162313544217099093e+00,1.200153755554552504e+00,1.229228065511833279e+00,1.248969698900609160e+00,1.258987623352709306e+00
1.260507452424633357e+00,1.251055087229616447e+00,1.232241890128676687e+00,1.204441531647887587e+00,1.168193729618849375e+00,1.124182246218524028e+00,1.073208730653647081e+00,1.016164474964142528e+00,9.539994265410314256e-01,8.876918559396642650e-01,8.182209312825676761e-01,7.465440789085846518e-01,6.735755700550782876e-01,6.001735318344572079e-01,5.271266212811553942e-01,4.551486478077606534e-01,3.848731692417572958e-01,3.168532590837003227e-01,2.515615261791310786e-01,1.893928187221973758e-01,1.306674046217040086e-01,7.563585262438721202e-02,2.448390680748957493e-02,-2.266119652574616339e-02,-6.572557162728287494e-02,-1.046817517587612656e-01,-1.395447978621859875e-01,-1.703657620594327682e-01,-1.972298506365746107e-01,-2.202506889551330005e-01,-2.395697588411991319e-01,-2.553504007030085177e-01,-2.677757638186619715e-01,-2.770430995018671183e-01,-2.833616505975271593e-01,-2.869499285247485432e-01,-2.880332624654187157e-01,-2.868427792346039951e-01,-2.836102842939567381e-01,-2.785682606861286104e-01,-2.719440145865377190e-01,-2.639626529714433900e-01,-2.548413646538278954e-01,-2.447922249374983039e-01,-2.340153300174137030e-01,-2.227018158823028671e-01,-2.110297527953974850e-01,-1.991679611681149709e-01,-1.872723657011903242e-01,-1.754875341596715543e-01,-1.639450664818014047e-01,-1.527656934783294673e-01,-1.420592886001941224e-01,-1.319241960383834567e-01,-1.224480503360894090e-01,-1.137079728225387498e-01,-1.057730424292913085e-01,-9.870205689247768532e-02,-9.254578046613914921e-02,-8.734575963808310917e-02,-8.313785343865731647e-02,-7.994866620614970998e-02,-7.779878141951712678e-02,-7.670064986955082986e-02,-7.666207468099628386e-02,-7.768193958705182922e-02,-7.975396043229920906e-02,-8.286403910190642819e-02,-8.699282553931197981e-02,-9.211166013403726538e-02,-9.818657410244213679e-02,-1.051746015080823327e-01,-1.130258123870646614e-01,-1.216802391296596397e-01,-1.310709165307599733e-01,-1.411197376398831693e-01,-1.517396269325388403e-01,-1.628326003966691360e-01,-1.742903560144384301e-01,-1.859925953357475237e-01,-1.978081306036756359e-01,-2.095939867794527345e-01,-2.211947985210542811e-01,-2.324445742728187270e-01,-2.431647298435137827e-01,-2.531670411232482820e-01,-2.622515854260996093e-01,-2.702111385340089100e-01,-2.768280575469219684e-01,-2.818807700159595697e-01,-2.851400192244284426e-01,-2.863761183830462187e-01,-2.853559862188603802e-01,-2.818500883251431333e-01,-2.756307839106284518e-01,-2.664785482194673705e-01,-2.541818652722582783e-01,-2.385423188324864441e-01,-2.193763028612352173e-01,-1.965188892518199282e-01,-1.698273669468903790e-01,-1.391841439697714122e-01,-1.045017832961150361e-01,-6.572557162728287494e-02,-2.283956287973865074e-02,2.413054995273000713e-02,7.511057233072904182e-02,1.299746808350903393e-01,1.885378594627269422e-01,2.505528157215053398e-01,3.157019537257923503e-01,3.835956188944606993e-01,4.537655126844697406e-01,5.256636399768126466e-01,5.986566546071259154e-01,6.720321644186526555e-01,7.450011340414164351e-01,8.167062061508261195e-01,8.862318534395683400e-01,9.526195062980775674e-01,1.014888646397480443e+00,1.072058477482144667e+00,1.123177385911475312e+00,1.167351545149500680e+00,1.203774201534855592e+00,1.231759260265519629e+00,1.250762776008713217e+00,1.260409411965042636e+00
1.258609063028842456e+00,1.249597239333468224e+00,1.231653703551614853e+00,1.205131736993195091e+00,1.170540926982710062e+00,1.128526976835189544e+00,1.079846694774090565e+00,1.025340770978374394e+00,9.659042212451822706e-01,9.024579977049995705e-01,8.359231693042090683e-01,7.672002051038049331e-01,6.971488946061299430e-01,6.265766309550002688e-01,5.562261095950873369e-01,4.867706945594250101e-01,4.188095347039961780e-01,3.528677238873854094e-01,2.893963373008716644e-01,2.287751339612782431e-01,1.713152758332938674e-01,1.172636880860409292e-01,6.680731275604046004e-02,2.007863355115091508e-02,-2.283956287973865074e-02,-6.190804576000630277e-02,-9.712724938850669787e-02,-1.285313995293222433e-01,-1.561865972407758818e-01,-1.801857618485485091e-01,-2.006484561135835065e-01,-2.177156196836165236e-01,-2.315482534600334930e-01,-2.423215276213710467e-01,-2.502234479821936475e-01,-2.554512438755978110e-01,-2.582103969372724350e-01,-2.587127442428567292e-01,-2.571731389450917504e-01,-2.538081277522934442e-01,-2.488312345529237746e-01,-2.424547893895407924e-01,-2.348852838478734384e-01,-2.263259722817991815e-01,-2.169701214910162435e-01,-2.070039446774956104e-01,-1.966014408217517939e-01,-1.859292692087137766e-01,-1.751416801718335137e-01,-1.643835778294828742e-01,-1.537864816904743748e-01,-1.434726990121077961e-01,-1.335530772552999679e-01,-1.241287263977994826e-01,-1.152889576588336240e-01,-1.071137303746354519e-01,-9.967378922063119262e-02,-9.303087782461716415e-02,-8.723737671161302387e-02,-8.233714574589612312e-02,-7.836709156262600118e-02,-7.535575752645229386e-02,-7.332424463652387203e-02,-7.228602734771527594e-02,-7.224875505485783833e-02,-7.321176045752508799e-02,-7.516788144944541727e-02,-7.810257940428755319e-02,-8.199503753728265565e-02,-8.681562704829559607e-02,-9.252812965722512217e-02,-9.908811522021210294e-02,-1.064430294985072578e-01,-1.145311076047761389e-01,-1.232824400228480499e-01,-1.326172300375674240e-01,-1.424455829428978859e-01,-1.526681477031388567e-01,-1.631744713124021473e-01,-1.738438056453333047e-01,-1.845439524074805604e-01,-1.951329867149524944e-01,-2.054564414257384897e-01,-2.153513998130023310e-01,-2.246428009668193226e-01,-2.331481442107161683e-01,-2.406742315292262901e-01,-2.470226642248007920e-01,-2.519861696469263279e-01,-2.553553211346581975e-01,-2.569150001608875300e-01,-2.564509859206367537e-01,-2.537478194402922327e-01,-2.485944415078051861e-01,-2.407836431418388656e-01,-2.301167127849907956e-01,-2.164043787543192821e-01,-1.994703691504469134e-01,-1.791538774147909407e-01,-1.553121527997944895e-01,-1.278243546389745688e-01,-9.659354780721685074e-02,-6.155160626812516966e-02,-2.266119652574616339e-02,2.007863355115091508e-02,6.662998379169948748e-02,1.169098852634959940e-01,1.707874786047938187e-01,2.280771526178142494e-01,2.885357090187596896e-01,3.518552564055710263e-01,4.176617755438343238e-01,4.855081590863647989e-01,5.548729392362758972e-01,6.251569134593637500e-01,6.956891222554304477e-01,7.657270463622154466e-01,8.344646174041798758e-01,9.010411403318272505e-01,9.645555168918917843e-01,1.024085507803746964e+00,1.078707945159777637e+00,1.127526464948758189e+00,1.169697990252757336e+00,1.204461062605503230e+00,1.231167304639200211e+00,1.249301934985282969e+00,1.258509849792275759e+00
1.253359829020197935e+00,1.244850678523505394e+00,1.227900651444045366e+00,1.202838289494565061e+00,1.170137147537531064e+00,1.130397874675651337e+00,1.084324705256221932e+00,1.032699730293060725e+00,9.763553313379702558e-01,9.161481574472389866e-01,8.529351392944590771e-01,7.875547523970283237e-01,7.208083277570125347e-01,6.534494948024018868e-01,5.861728087226794059e-01,5.196096636977642902e-01,4.543237549659124852e-01,3.908114494365122482e-01,3.295017177404986342e-01,2.707587685575276737e-01,2.148842617778541353e-01,1.621211566903895118e-01,1.126572634949241092e-01,6.662998379169948748e-02,2.413054995273000713e-02,-1.479062717159251861e-02,-5.012015640505751435e-02,-8.187642276971018873e-02,-1.101074999956779266e-01,-1.348867111029790067e-01,-1.563125839172414544e-01,-1.745044621577704902e-01,-1.896017405619261353e-01,-2.017581578802207787e-01,-2.111408723653198649e-01,-2.179262437519469131e-01,-2.222998369404791674e-01,-2.244539682612582965e-01,-2.245859587193876905e-01,-2.228957295144198270e-01,-2.195822396604967253e-01,-2.148438844740354625e-01,-2.088752110461484790e-01,-2.018687881171246090e-01,-1.940094939787684325e-01,-1.854764617700368490e-01,-1.764380396204643375e-01,-1.670563504821416245e-01,-1.574823603289985385e-01,-1.478591030017781804e-01,-1.383166508817623708e-01,-1.289768561317146123e-01,-1.199502000777954436e-01,-1.113388318408397026e-01,-1.032326633689706341e-01,-9.571313266278025367e-02,-8.885168944041765826e-02,-8.271197378932981792e-02,-7.734724547952964713e-02,-7.280299838205905871e-02,-6.911658121195785043e-02,-6.631802987394053162e-02,-6.442864828608207972e-02,-6.346274196110357479e-02,-6.342759772785200312e-02,-6.432312905765513733e-02,-6.614125125602754451e-02,-6.886738838652206596e-02,-7.247937094443557271e-02,-7.694725718700112793e-02,-8.223298163258618843e-02,-8.829144464758087452e-02,-9.506821529340925281e-02,-1.025007091634932976e-01,-1.105171435673781843e-01,-1.190371866312602833e-01,-1.279695457901368627e-01,-1.372148297469664158e-01,-1.466621562329919470e-01,-1.561918259224341909e-01,-1.656726010524494086e-01,-1.749652093241849116e-01,-1.839182201675555461e-01,-1.923734207398268836e-01,-2.001614201701187312e-01,-2.071070023561105700e-01,-2.130256648765964655e-01,-2.177292092014369018e-01,-2.210223478709991696e-01,-2.227088775848073965e-01,-2.225889332840438328e-01,-2.204644488981273298e-01,-2.161381375448740982e-01,-2.094176608415239116e-01,-2.001162389529014263e-01,-1.880557858019216155e-01,-1.730687903064449529e-01,-1.550005739135542626e-01,-1.337122940800838933e-01,-1.090825729337154826e-01,-8.101143152941858716e-02,-4.942167648894724152e-02,-1.426350119800190441e-02,2.448390680748957493e-02,6.680731275604046004e-02,1.126572634949241092e-01,1.619425422975382389e-01,2.145276369680004791e-01,2.702266108510968934e-01,3.288006626826529555e-01,3.899519065989807132e-01,4.533218751263632385e-01,5.184845645187436958e-01,5.849464011151042087e-01,6.521443600723557665e-01,7.194502780273808185e-01,7.861701050796909840e-01,8.515519244221536610e-01,9.147937694866925540e-01,9.750569713031893571e-01,1.031483562923824593e+00,1.083214954904320848e+00,1.129417627625798559e+00,1.169307221074689096e+00,1.202175416671366293e+00,1.227418678197636837e+00,1.244557451540998727e+00,1.253261182585660549e+00
1.244779819223992945e+00,1.236832323179910986e+00,1.220993410343226060e+00,1.197562888506027434e+00,1.166972934257913153e+00,1.129772750076099896e+00,1.086606864784656068e+00,1.038191398260806864e+00,9.852890132522276190e-01,9.286856224753989864e-01,8.691684288840946238e-01,8.075092133442751674e-01,7.444470932157685183e-01,6.806790295311202499e-01,6.168492984469367002e-01,5.535457791006308526e-01,4.912956041483482750e-01,4.305655619090487107e-01,3.717618082461058293e-01,3.152323553393188149e-01,2.612687518616922944e-01,2.101094363373192664e-01,1.619425422975382389e-01,1.169098852634959940e-01,7.511057233072904182e-02,3.660555765554818208e-02,1.421230905009451817e-03,-3.044594418958013193e-02,-5.902713512473667379e-02,-8.437725280313657095e-02,-1.065748007228251026e-01,-1.257184148857248829e-01,-1.419264776208137846e-01,-1.553319566975375210e-01,-1.660816436064038726e-01,-1.743315761563337674e-01,-1.802475328860424497e-01,-1.840022030368544392e-01,-1.857748804780783303e-01,-1.857482114269686235e-01,-1.841058232686236806e-01,-1.810310840232460805e-01,-1.767053201446060484e-01,-1.713086883546139916e-01,-1.650159762009195674e-01,-1.579973311644948808e-01,-1.504136824804902517e-01,-1.424206023535958821e-01,-1.341638938352502919e-01,-1.257827332680108157e-01,-1.174040873538615415e-01,-1.091475325404758223e-01,-1.011215131846938675e-01,-9.342746564074388971e-02,-8.615457248640723265e-02,-7.938433082755125270e-02,-7.318770999492585361e-02,-6.762907898550452046e-02,-6.276175281374207771e-02,-5.863200274572477610e-02,-5.527702528027589324e-02,-5.272777456974608867e-02,-5.100539739838438891e-02,-5.012483693907654470e-02,-5.009280942013560889e-02,-5.090983671264837085e-02,-5.256709870110398697e-02,-5.505012707493506241e-02,-5.833591127856152525e-02,-6.239456396272657912e-02,-6.718699593962185190e-02,-7.266804467509757615e-02,-7.878248113873098646e-02,-8.546784136893847972e-02,-9.265178071186142006e-02,-1.002546486376161283e-01,-1.081853510320911482e-01,-1.163458940659722884e-01,-1.246268025040251359e-01,-1.329110377390918529e-01,-1.410703429090318650e-01,-1.489697818417567987e-01,-1.564630716981980640e-01,-1.633983674047669865e-01,-1.696140007222908253e-01,-1.749435893742514736e-01,-1.792131680857949050e-01,-1.822460674098493882e-01,-1.838604697053938253e-01,-1.838744157487042230e-01,-1.821042887430053270e-01,-1.783688275050820948e-01,-1.724893447545809977e-01,-1.642924581481111090e-01,-1.536116921986376838e-01,-1.402893907383599981e-01,-1.241792230859175561e-01,-1.051475193901012517e-01,-8.307651085213763054e-02,-5.786533103352553553e-02,-2.943383098843810330e-02,2.276416093522470874e-03,3.729790650716324762e-02,7.563585262438721202e-02,1.172636880860409292e-01,1.621211566903895118e-01,2.101094363373192664e-01,2.610889174278554492e-01,3.148738458374253923e-01,3.712303287609870495e-01,4.298708099480563760e-01,4.904525071499961086e-01,5.525713073741513881e-01,6.157633669290447642e-01,6.795031966950659807e-01,7.432064870463648276e-01,8.062296693647823531e-01,8.678777589382917768e-01,9.274112243543584100e-01,9.840584687676425801e-01,1.037031361513044203e+00,1.085542305268205610e+00,1.128827606744636114e+00,1.166168944802350893e+00,1.196918325205132305e+00,1.220523583863695194e+00,1.236545964657040031e+00,1.244683393422377549e+00
1.232940239009039374e+00,1.225608907586334340e+00,1.210989841129986644e+00,1.189350652421367727e+00,1.161077567309746428e+00,1.126662775239651637e+00,1.086684809061011947e+00,1.041787313884242394e+00,9.926569790353596545e-01,9.400032546358403351e-01,8.845385841372319646e-01,8.269637497979260843e-01,7.679521468212584523e-01,7.081412790394381318e-01,6.481230104330677477e-01,5.884400880763394071e-01,5.295818504702651808e-01,4.719844956810703707e-01,4.160304677977251231e-01,3.620507154806773542e-01,3.103258302338929298e-01,2.610889174278554492e-01,2.145276369680004791e-01,1.707874786047938187e-01,1.299746808350903393e-01,9.216001663000383815e-02,5.738201034063195038e-02,2.565097371963531714e-02,-3.048525078241937081e-03,-2.875420246755311382e-02,-5.152566293530469466e-02,-7.144178144534407693e-02,-8.860059319067659089e-02,-1.031148690579470895e-01,-1.151114373141979286e-01,-1.247265216481565631e-01,-1.321062904417829031e-01,-1.374038180025536349e-01,-1.407797936157351160e-01,-1.423990269341857129e-01,-1.424289840203130098e-01,-1.410372304867166804e-01,-1.383906649520838528e-01,-1.346555052847975276e-01,-1.299948427313921684e-01,-1.245680037759484549e-01,-1.185268499649794194e-01,-1.120182618940503971e-01,-1.051810608365144617e-01,-9.814834769294122907e-02,-9.104235279336592157e-02,-8.397830805208172933e-02,-7.706110927651366183e-02,-7.038947318439170431e-02,-6.405055963087136206e-02,-5.812433720947751681e-02,-5.268023175064229235e-02,-4.778187502108721674e-02,-4.348192577501208689e-02,-3.982641592251923157e-02,-3.685180408946564512e-02,-3.458922095960303977e-02,-3.305947290616018108e-02,-3.227759613133684979e-02,-3.224990947735761893e-02,-3.297718603374732993e-02,-3.445036507913812329e-02,-3.665510408339400783e-02,-3.956814863622071243e-02,-4.316010361084465785e-02,-4.739169905397488947e-02,-5.221841071343646945e-02,-5.758536195122587742e-02,-6.343117340756521116e-02,-6.968440918336682444e-02,-7.626726229207747565e-02,-8.309062891342477997e-02,-9.005928089283088411e-02,-9.706714830329588040e-02,-1.040014241564790609e-01,-1.107389491983781227e-01,-1.171508108029826190e-01,-1.230979952594566385e-01,-1.284367393698602200e-01,-1.330150675844095076e-01,-1.366770565229558088e-01,-1.392609601366956440e-01,-1.406030384086562890e-01,-1.405362261189679884e-01,-1.388938673222526177e-01,-1.355093992796554403e-01,-1.302190026764833419e-01,-1.228628924248766907e-01,-1.132868247470639744e-01,-1.013444555104285882e-01,-8.689830997252556699e-02,-6.982266388762070619e-02,-5.000424834244654448e-02,-2.734550965544713108e-02,-1.765234721389674633e-03,2.679789627637774174e-02,5.838451885122708518e-02,9.301082905439272963e-02,1.306674046217040086e-01,1.713152758332938674e-01,2.148842617778541353e-01,2.612687518616922944e-01,3.103258302338929298e-01,3.618706900769836921e-01,4.156750486300637704e-01,4.714622176993827907e-01,5.289058211570676349e-01,5.876251281392796955e-01,6.471876152341309307e-01,7.071061686213795383e-01,7.668416352343854214e-01,8.258029908702866351e-01,8.833549040693782217e-01,9.388237598379873816e-01,9.915092862308085842e-01,1.040698207998758562e+00,1.085679637034161260e+00,1.125765875181201636e+00,1.160311081575031267e+00,1.188733858939230004e+00,1.210539112252433824e+00,1.225333740711676001e+00,1.232847534609334161e+00
1.217965839705328790e+00,1.211299374828371356e+00,1.197997387607330211e+00,1.178292535467079460e+00,1.152521482706688971e+00,1.121114863832289643e+00,1.084579995338430081e+00,1.043482649735139489e+00,9.984283199557921762e-01,9.500451272956524917e-01,8.989663875570670371e-01,8.458180475524557096e-01,7.912045502659736940e-01,7.357012720129034733e-01,6.798455129889049431e-01,6.241331578575994854e-01,5.690143455740184208e-01,5.148934601347292528e-01,4.621280971173149510e-01,4.110310035550099883e-01,3.618706900769836921e-01,3.148738458374253923e-01,2.702266108510968934e-01,2.280771526178142494e-01,1.885378594627269422e-01,1.516884462574807912e-01,1.175786884683134303e-01,8.623180482200609731e-02,5.764694631376698908e-02,3.180234871686593578e-02,8.656139860079292703e-03,-1.185174106829833818e-02,-2.979965104638893081e-02,-4.528073272236099456e-02,-5.840219864150242302e-02,-6.928087038721741919e-02,-7.804348338582656197e-02,-8.482361047990139014e-02,-8.976294000481743751e-02,-9.300782520247707907e-02,-9.470869749129917636e-02,-9.501652169055319064e-02,-9.408270171925892100e-02,-9.205811801869856481e-02,-8.909237970942740503e-02,-8.533220874127778188e-02,-8.091874261795339862e-02,-7.598824069876286558e-02,-7.067057437561174993e-02,-6.509068592342259763e-02,-5.936441512230317130e-02,-5.360073756983751991e-02,-4.789935532309641530e-02,-4.235441670155637439e-02,-3.704967860223007392e-02,-3.206193494673925670e-02,-2.745798542710531365e-02,-2.329928718525309250e-02,-1.963693432989543908e-02,-1.651569560212351462e-02,-1.397079177601767697e-02,-1.203254483752402848e-02,-1.072133178240619600e-02,-1.005176577898225787e-02,-1.002972253579059725e-02,-1.065617344221436724e-02,-1.192201627605982139e-02,-1.381328978563090004e-02,-1.630702925935167968e-02,-1.937476104900781593e-02,-2.297803513545204623e-02,-2.707356939767180393e-02,-3.160814946221535138e-02,-3.652241328552463528e-02,-4.174737263548422561e-02,-4.720827814671224587e-02,-5.281977944201798891e-02,-5.849087915858319775e-02,-6.412082056948520403e-02,-6.960267725200708355e-02,-7.482039463728540341e-02,-7.965279944498604436e-02,-8.397015754033532176e-02,-8.763848908057525477e-02,-9.051738086488114732e-02,-9.246296139301080075e-02,-9.332730724582916082e-02,-9.296098160787380493e-02,-9.121289871896465229e-02,-8.793276621649681601e-02,-8.297184284162995027e-02,-7.618442135967029571e-02,-6.742990218653233114e-02,-5.657341043692554194e-02,-4.348856940112000302e-02,-2.805787802313375323e-02,-1.017568437465854458e-02,1.025146181791569688e-02,3.330170374810847989e-02,5.903744932111010257e-02,8.750215419246387683e-02,1.187196561216978807e-01,1.526908818797352296e-01,1.893928187221973758e-01,2.287751339612782431e-01,2.707587685575276737e-01,3.152323553393188149e-01,3.620507154806773542e-01,4.110310035550099883e-01,4.619514963104336402e-01,5.145473259029103019e-01,5.685098318656116589e-01,6.234833820334699794e-01,6.790679231878300470e-01,7.348156298788950380e-01,7.902341609284206925e-01,8.447871663025097178e-01,8.979016004874722512e-01,9.489729785015015295e-01,9.973761422013893707e-01,1.042477034584365470e+00,1.083646344080619883e+00,1.120277534130366348e+00,1.151802583970933824e+00,1.177711821302807493e+00,1.197571860486419837e+00,1.211039195751652642e+00,1.217878178851393045e+00
1.200036222267485186e+00,1.194076290054510991e+00,1.182174676516552836e+00,1.164527167842493327e+00,1.141418363276912373e+00,1.113213984026614867e+00,1.080346193628969331e+00,1.043298820459284570e+00,1.002592157119423177e+00,9.587691240408986459e-01,9.123803051700747346e-01,8.639735155171450742e-01,8.140813410545888473e-01,7.632144979861692491e-01,7.118535485685981712e-01,6.604456454656002506e-01,6.094001126511159327e-01,5.590880556435706694e-01,5.098408182776381636e-01,4.619514963104336402e-01,4.156750486300637704e-01,3.712303287609870495e-01,3.288006626826529555e-01,2.885357090187596896e-01,2.505528157215053398e-01,2.149395022264428690e-01,1.817557486214980145e-01,1.510367944495101256e-01,1.227953866747668599e-01,9.702453971983970860e-02,7.369881925644961029e-02,5.277595788307110070e-02,3.419665339515631786e-02,1.788701884143506504e-02,3.759159541473877653e-03,-8.284678152008950747e-03,-1.835189448485152752e-02,-2.655651342743681198e-02,-3.302075759070532968e-02,-3.787198934645630288e-02,-4.124267193357411543e-02,-4.326629007687188277e-02,-4.407763876606907161e-02,-4.381113591566077048e-02,-4.260130060464462076e-02,-4.058055236794189113e-02,-3.787750783556020906e-02,-3.461623850148498605e-02,-3.091578578073495009e-02,-2.689085332005447526e-02,-2.264904032318781901e-02,-1.829142642708347921e-02,-1.391084873213799256e-02,-9.594956237719998171e-03,-5.422723748722546588e-03,-1.466321959242122830e-03,2.211352923353615552e-03,5.552361231991653767e-03,8.507998860466159385e-03,1.103588459363891161e-02,1.310256177576718528e-02,1.467924843618106934e-02,1.574646028782922258e-02,1.629023449264366263e-02,1.630522887330698723e-02,1.579052367586086802e-02,1.475474465570414395e-02,1.321153306845701536e-02,1.118279932971688595e-02,8.695771707706967391e-03,5.787103251833514150e-03,2.498122999597285343e-03,-1.120762037444933412e-03,-5.013278828229772444e-03,-9.114287341475346693e-03,-1.335337895865507107e-02,-1.765062534246908399e-02,-2.192075220179390271e-02,-2.607013104199040754e-02,-2.999938718768646595e-02,-3.360145710870199309e-02,-3.676466383630838664e-02,-3.937040093293830978e-02,-4.129623323572673144e-02,-4.241499536317405727e-02,-4.259651708292722105e-02,-4.170813316177657271e-02,-3.961611935420705777e-02,-3.618648168948368493e-02,-3.128636465211798168e-02,-2.478557899661382180e-02,-1.655720593257115070e-02,-6.480155247842844801e-03,5.560823478177212564e-03,1.967220831998872654e-02,3.595167548328959128e-02,5.448522087993978857e-02,7.534697745697371829e-02,9.859637529343956430e-02,1.242777976797384554e-01,1.524177418855146016e-01,1.830242323913324753e-01,2.160839847678914794e-01,2.515615261791310786e-01,2.893963373008716644e-01,3.295017177404986342e-01,3.717618082461058293e-01,4.160304677977251231e-01,4.621280971173149510e-01,5.098408182776381636e-01,5.589169944874470275e-01,6.090673765911560622e-01,6.599630561033364984e-01,7.112374928023825760e-01,7.624835575686574884e-01,8.132576072542150314e-01,8.630801554793521291e-01,9.114429512456183602e-01,9.578135310613760112e-01,1.001645094370758216e+00,1.042386394503623137e+00,1.079493566020715889e+00,1.112445223540532879e+00,1.140755206492656271e+00,1.163989351270330985e+00,1.181779374680075989e+00,1.193834218708786921e+00,1.199954691830939169e+00
1.179385801240528053e+00,1.174165898417712128e+00,1.163731802887539857e+00,1.148241465476075973e+00,1.127926100015457678e+00,1.103084455429353739e+00,1.074071094559840844e+00,1.041285348524667143e+00,1.005159625871087314e+00,9.661488954040038379e-01,9.247182801966005172e-01,8.813347843372696389e-01,8.364566000707327476e-01,7.905274101125314701e-01,7.439688523857483915e-01,6.971773474117242131e-01,6.505195765571727406e-01,6.043316483418124108e-01,5.589169944874470275e-01,5.145473259029103019e-01,4.714622176993827907e-01,4.298708099480563760e-01,3.899519065989807132e-01,3.518552564055710263e-01,3.157019537257923503e-01,2.815861073497814004e-01,2.495765968337906315e-01,2.197195611028917028e-01,1.920404555449266581e-01,1.665462787046863014e-01,1.432269612066363607e-01,1.220568626638680598e-01,1.029948986418958157e-01,8.598619481644220741e-02,7.096228405873716838e-02,5.784441484445324022e-02,4.654434580317001746e-02,3.696754209441621697e-02,2.901180861499597086e-02,2.256954063523153309e-02,1.752716177378488283e-02,1.376938523902992983e-02,1.117911888877642923e-02,9.639659662724398004e-03,9.033066923194610354e-03,9.242736807465234961e-03,1.015427924204459487e-02,1.165754615695391294e-02,1.364603653794915772e-02,1.601704395388026114e-02,1.867313368228451509e-02,2.152284759223732635e-02,2.448160742662253142e-02,2.746988977499142948e-02,3.041515415864637362e-02,3.325109848243812394e-02,3.591974215797222314e-02,3.836809182449485434e-02,4.055073604541803434e-02,4.242843120459838246e-02,4.397027417263643656e-02,4.514969096440779595e-02,4.594829189903748556e-02,4.635338650913922720e-02,4.635992762251817112e-02,4.596737962592101212e-02,4.518357365972747175e-02,4.402154899501908858e-02,4.250177575751479253e-02,4.064967042974387823e-02,3.849928690232218287e-02,3.608928226917385018e-02,3.346613397546605029e-02,3.068206183677091303e-02,2.779697205706099794e-02,2.487574761538269286e-02,2.199132638068590495e-02,1.922181811703183030e-02,1.665207162363913085e-02,1.437228653367128572e-02,1.247881525404181957e-02,1.107214958213376121e-02,1.025805714664329571e-02,1.014574511779642307e-02,1.084753669981353141e-02,1.247831902071538934e-02,1.515410544371320611e-02,1.899153052349333848e-02,2.410638341321202915e-02,3.061299238906656228e-02,3.862222358368683217e-02,4.824146966177522700e-02,5.957190465299788684e-02,7.270880969345228095e-02,8.773871346909345448e-02,1.047395143368134995e-01,1.237778330925323189e-01,1.449088898004902148e-01,1.681739830342934283e-01,1.936001865907428510e-01,2.211978898775583957e-01,2.509602888119530917e-01,2.828609827272430266e-01,3.168532590837003227e-01,3.528677238873854094e-01,3.908114494365122482e-01,4.305655619090487107e-01,4.719844956810703707e-01,5.148934601347292528e-01,5.590880556435706694e-01,6.043316483418124108e-01,6.503563033998602805e-01,6.968614026423836094e-01,7.435152979559944697e-01,7.899534501895573158e-01,8.357829733744353007e-01,8.805834576094184740e-01,9.239137916181476839e-01,9.653160433368981330e-01,1.004324385546993881e+00,1.040473094466548787e+00,1.073306491702396670e+00,1.102391008139122164e+00,1.127324926307451847e+00,1.147751876658560377e+00,1.163370684321861859e+00,1.173944379543357286e+00,1.179311246491096199e+00
1.156302406686563700e+00,1.151846959139206206e+00,1.142929588563788457e+00,1.129670452466569941e+00,1.112247233662372992e+00,1.090891050729638323e+00,1.065878030512237729e+00,1.037522031952065049e+00,1.006166405725394952e+00,9.721766240437688111e-01,9.359305937919089047e-01,8.978125561074676853e-01,8.582042257276754071e-01,8.174800772978727537e-01,7.760006106315273655e-01,7.341093246183305610e-01,6.921281734683333298e-01,6.503563033998602805e-01,6.090673765911560622e-01,5.685098318656116589e-01,5.289058211570676349e-01,4.904525071499961086e-01,4.533218751263632385e-01,4.176617755438343238e-01,3.835956188944606993e-01,3.512230963751221680e-01,3.206209228224281560e-01,2.918448483670914584e-01,2.649317519135081511e-01,2.399017834696905993e-01,2.167596715515998085e-01,1.954957599194671047e-01,1.760862826390763303e-01,1.584947424424285600e-01,1.426721379316973071e-01,1.285592576976597456e-01,1.160874018981701283e-01,1.051814884635859926e-01,9.575950871490590544e-02,8.773442125982455764e-02,8.101290560716734035e-02,7.549889519923169701e-02,7.109382158208177316e-02,6.769958966732758654e-02,6.521652860845961186e-02,6.354538633249262602e-02,6.258741598162487207e-02,6.224767834875422068e-02,6.243402322829183504e-02,6.305740537612791741e-02,6.403207670466315449e-02,6.527773848321771766e-02,6.671968838273301117e-02,6.828782522164544844e-02,6.991736849722940406e-02,7.154934647077482168e-02,7.313164639805336265e-02,7.461713375309386720e-02,7.596484729246810730e-02,7.713945558694490501e-02,7.811291145799259539e-02,7.886179252116676253e-02,7.936901479251901037e-02,7.962335415896859558e-02,7.962034683703222981e-02,7.935971013446874167e-02,7.884841444416679224e-02,7.809864205215433230e-02,7.712891775166497155e-02,7.596250633284284959e-02,7.463002970820298287e-02,7.316679905090950342e-02,7.161445165414193070e-02,7.002011552914666481e-02,6.843736904512809360e-02,6.692433330584890427e-02,6.554566178394338749e-02,6.437087598618518314e-02,6.347462382376534151e-02,6.293638428097381166e-02,6.284028163366883746e-02,6.327402595846365330e-02,6.432903038184178968e-02,6.609966906157183075e-02,6.868200066749352573e-02,7.217410596044260274e-02,7.667406965440193289e-02,8.228009207903141942e-02,8.908868284693483020e-02,9.719454682337413942e-02,1.066884078027783289e-01,1.176573381694367981e-01,1.301820675883078593e-01,1.443374528694505443e-01,1.601898562455659203e-01,1.777972991094856070e-01,1.972071348465789242e-01,2.184559304287461146e-01,2.415672954437582121e-01,2.665516107543055568e-01,2.934039411791076191e-01,3.221036199537081757e-01,3.526122495982519922e-01,3.848731692417572958e-01,4.188095347039961780e-01,4.543237549659124852e-01,4.912956041483482750e-01,5.295818504702651808e-01,5.690143455740184208e-01,6.094001126511159327e-01,6.505195765571727406e-01,6.921281734683333298e-01,7.339553126134887862e-01,7.757061698531515503e-01,8.170610045708883717e-01,8.576798791113304787e-01,8.972036454786405102e-01,9.352604543735623110e-01,9.714689571291188486e-01,1.005446196068447762e+00,1.036813699134029321e+00,1.065205475080702513e+00,1.090277001805716850e+00,1.111712021012181140e+00,1.129232654226342447e+00,1.142605373019733861e+00,1.151647661268469847e+00,1.156235391936647261e+00
1.131124320277976381e+00,1.127447966707308069e+00,1.120077226092973888e+00,1.109095485300841233e+00,1.094627819700733085e+00,1.076838543319610153e+00,1.055926157666306153e+00,1.032119779279241811e+00,1.005673943696876904e+00,9.768644155044228228e-01,9.459812270735312723e-01,9.133247294738850997e-01,8.791986307635397679e-01,8.439063355606464256e-01,8.077450813454447598e-01,7.710031344233243544e-01,7.339553126134887862e-01,6.968614026423836094e-01,6.599630561033364984e-01,6.234833820334699794e-01,5.876251281392796955e-01,5.525713073741513881e-01,5.184845645187436958e-01,4.855081590863647989e-01,4.537655126844697406e-01,4.233604797184113977e-01,3.943769342090774899e-01,3.668796678468737582e-01,3.409159236827576933e-01,3.165177048168743568e-01,2.937035642369494326e-01,2.724795585081523086e-01,2.528391926823019276e-01,2.347640930569525608e-01,2.182243752779982060e-01,2.031805324501192445e-01,1.895841882971183168e-01,1.773805108607007242e-01,1.665080775225220577e-01,1.569006753103110441e-01,1.484862168449438968e-01,1.411893428633561598e-01,1.349313173483466244e-01,1.296332693799229219e-01,1.252147614775509510e-01,1.215954469360269741e-01,1.186940622798715594e-01,1.164318422426759980e-01,1.147320950605745793e-01,1.135210736798910602e-01,1.127265042441933929e-01,1.122802616438747236e-01,1.121187033277522005e-01,1.121826704767556748e-01,1.124163041078389824e-01,1.127688213646393933e-01,1.131951302150611127e-01,1.136548240738193272e-01,1.141119776325467683e-01,1.145360898641172298e-01,1.149024431460929918e-01,1.151909746616581742e-01,1.153866413508808364e-01,1.154796611128858785e-01,1.154662038602793928e-01,1.153464589884265479e-01,1.151262467276978896e-01,1.148167078305988298e-01,1.144341150246077632e-01,1.139990760644309375e-01,1.135382862034930440e-01,1.130829643603163959e-01,1.126692129459740954e-01,1.123381697194361095e-01,1.121361121759321122e-01,1.121133774168612263e-01,1.123252094120914535e-01,1.128313018127613532e-01,1.136949117929475506e-01,1.149834107639833292e-01,1.167674243314991145e-01,1.191204285906621863e-01,1.221181845882739481e-01,1.258387628622870125e-01,1.303606867448792173e-01,1.357638248213959287e-01,1.421271269688446637e-01,1.495290923227940993e-01,1.580458699051234817e-01,1.677514621211884105e-01,1.787155562055318114e-01,1.910040614288561756e-01,2.046766025851098902e-01,2.197870519123057420e-01,2.363812204992967736e-01,2.544970142764526599e-01,2.741624543586169693e-01,2.953955735482907130e-01,3.182025920240221240e-01,3.425777062326602618e-01,3.685013542379067530e-01,3.959399220763373251e-01,4.248441197459555951e-01,4.551486478077606534e-01,4.867706945594250101e-01,5.196096636977642902e-01,5.535457791006308526e-01,5.884400880763394071e-01,6.241331578575994854e-01,6.604456454656002506e-01,6.971773474117242131e-01,7.341093246183305610e-01,7.710031344233243544e-01,8.076031830968020131e-01,8.436369341852412163e-01,8.788196682463365050e-01,9.128555929387971446e-01,9.454439438633386317e-01,9.762814631105243279e-01,1.005069148883549701e+00,1.031516435665167819e+00,1.055347200920991213e+00,1.076305700797945519e+00,1.094160541518078844e+00,1.108711422026118498e+00,1.119791521230666831e+00,1.127271870043244917e+00,1.131065154506046611e+00
1.104235906709845949e+00,1.101343125815660073e+00,1.095528868027429326e+00,1.086841592169363935e+00,1.075355723385513329e+00,1.061171028854204224e+00,1.044410888081330313e+00,1.025221913528895357e+00,1.003771602095440585e+00,9.802471569707194021e-01,9.548512220124507621e-01,9.278000360801854640e-01,8.993184205361615113e-01,8.696372577434630102e-01,8.389885957218154999e-01,8.076031830968020131e-01,7.757061698531515503e-01,7.435152979559944697e-01,7.112374928023825760e-01,6.790679231878300470e-01,6.471876152341309307e-01,6.157633669290447642e-01,5.849464011151042087e-01,5.548729392362758972e-01,5.256636399768126466e-01,4.974239742773534090e-01,4.702434312164029961e-01,4.441955114439508634e-01,4.193379019012297704e-01,3.957140409940365089e-01,3.733551699713757444e-01,3.522820285900252202e-01,3.325051539033552217e-01,3.140248383319601544e-01,2.968308522291351892e-01,2.809035996515945044e-01,2.662152023332566841e-01,2.527317992065718499e-01,2.404136382881176814e-01,2.292162102544352820e-01,2.190892821028000981e-01,2.099790458250652136e-01,2.018280266563579062e-01,1.945779034693799758e-01,1.881682919998013404e-01,1.825384600784616396e-01,1.776260972441860986e-01,1.733701322780802911e-01,1.697102445400986426e-01,1.665885969489551144e-01,1.639479391253075846e-01,1.617337002255112566e-01,1.598940551554903777e-01,1.583814164836496730e-01,1.571503720399221038e-01,1.561590911741319587e-01,1.553700080097684122e-01,1.547502573191650299e-01,1.542698422205148745e-01,1.539032173596410757e-01,1.536297385391662829e-01,1.534329489375636513e-01,1.533000404648845461e-01,1.532230456161869370e-01,1.531986770635143102e-01,1.532275995551799497e-01,1.533145448811978895e-01,1.534692415323206660e-01,1.537055080798097606e-01,1.540409732528758013e-01,1.544978931044909132e-01,1.551028728848677929e-01,1.558859039684961090e-01,1.568813847752039692e-01,1.581275747175823199e-01,1.596661273129598158e-01,1.615420511952265770e-01,1.638041574404667244e-01,1.665033738678971531e-01,1.696938457201184747e-01,1.734316325860731922e-01,1.777748163702739248e-01,1.827823885065242848e-01,1.885149072847980278e-01,1.950322443108944981e-01,2.023948469879996992e-01,2.106614389103782514e-01,2.198896592911694370e-01,2.301342711555207643e-01,2.414475112723266648e-01,2.538771160710666663e-01,2.674669235371709419e-01,2.822546986816689696e-01,2.982726421610095713e-01,3.155454818854650512e-01,3.340906087113779677e-01,3.539164793248659180e-01,3.750225468047716504e-01,3.973977860526076711e-01,4.210205778655335962e-01,4.458573116184538776e-01,4.718622460734707147e-01,4.989762366609795663e-01,5.271266212811553942e-01,5.562261095950873369e-01,5.861728087226794059e-01,6.168492984469367002e-01,6.481230104330677477e-01,6.798455129889049431e-01,7.118535485685981712e-01,7.439688523857483915e-01,7.760006106315273655e-01,8.077450813454447598e-01,8.389885957218154999e-01,8.695083426011223082e-01,8.990770810340933394e-01,9.274642809085520412e-01,9.544416852135384488e-01,9.797849898590982320e-01,1.003279335745276057e+00,1.024721576797702483e+00,1.043924279879547612e+00,1.060718705622662128e+00,1.074956143439948164e+00,1.086511399870090600e+00,1.095282014752513078e+00,1.101190454532925855e+00,1.104184626792203971e+00
1.076061678188978021e+00,1.073946636452319581e+00,1.069678424468264666e+00,1.063272895084310221e+00,1.054756957917675209e+00,1.044169300217731688e+00,1.031562203311636949e+00,1.017003455029509951e+00,1.000576744644376959e+00,9.823832139418868792e-01,9.625397880604396050e-01,9.411793525167979624e-01,9.184477106684312275e-01,8.945022933050950087e-01,8.695083426011223082e-01,8.436369341852412163e-01,8.170610045708883717e-01,7.899534501895573158e-01,7.624835575686574884e-01,7.348156298788950380e-01,7.071061686213795383e-01,6.795031966950659807e-01,6.521443600723557665e-01,6.251569134593637500e-01,5.986566546071259154e-01,5.727481931938314119e-01,5.475242363223316033e-01,5.230654471307474296e-01,4.994397128996155288e-01,4.767025382364948882e-01,4.548982046968319537e-01,4.340615838102053203e-01,4.142192977320178215e-01,3.953901193952447102e-01,3.775843074692772916e-01,3.608034236266206563e-01,3.450408707989822688e-01,3.302840748648350200e-01,3.165154102912168810e-01,3.037131600077884741e-01,2.918502649638980984e-01,2.808953455590739168e-01,2.708128558547713283e-01,2.615659165965951161e-01,2.531154648664255546e-01,2.454212773833432948e-01,2.384406250651522896e-01,2.321310111613286153e-01,2.264496758037068957e-01,2.213553951274604970e-01,2.168064653911585538e-01,2.127628304288577965e-01,2.091856036281427578e-01,2.060390928334925320e-01,2.032888610024770060e-01,2.009030861134704082e-01,1.988522765987141838e-01,1.971111608868909570e-01,1.956564699804914653e-01,1.944681133254704264e-01,1.935294925432060609e-01,1.928281782045786485e-01,1.923538654383207813e-01,1.921003571604558147e-01,1.920651051244135488e-01,1.922491124411038754e-01,1.926560751537635952e-01,1.932940790212569482e-01,1.941743414227232734e-01,1.953111905954045824e-01,1.967222458407604790e-01,1.984289387536080085e-01,2.004548755245707525e-01,2.028271158221599535e-01,2.055754009843155927e-01,2.087320598989350628e-01,2.123312788580875576e-01,2.164101988070825655e-01,2.210067758314551156e-01,2.261610499335517943e-01,2.319137892732641149e-01,2.383067248278223360e-01,2.453813014845991347e-01,2.531795418900770755e-01,2.617418296479314677e-01,2.711081579855942891e-01,2.813161178203529289e-01,2.924014816579898479e-01,3.043966836300739942e-01,3.173312349859713777e-01,3.312299976074086771e-01,3.461138617607986134e-01,3.619978974368223135e-01,3.788918990496057404e-01,3.967988497080341403e-01,4.157151104803915587e-01,4.356291810695722688e-01,4.565217317526446550e-01,4.783644636621602331e-01,5.011201393587469965e-01,5.247415142967781776e-01,5.491713880827262528e-01,5.743416750735121923e-01,6.001735318344572079e-01,6.265766309550002688e-01,6.534494948024018868e-01,6.806790295311202499e-01,7.081412790394381318e-01,7.357012720129034733e-01,7.632144979861692491e-01,7.905274101125314701e-01,8.174800772978727537e-01,8.439063355606464256e-01,8.696372577434630102e-01,8.945022933050950087e-01,9.183338149698840880e-01,9.409681541192327359e-01,9.622504670998068832e-01,9.820355201082122676e-01,1.000191811098133599e+00,1.016601944924957479e+00,1.031164647827480962e+00,1.043794961702047885e+00,1.054423185537359586e+00,1.062995345091280797e+00,1.069469716947992310e+00,1.073817032532318194e+00,1.076018113407727128e+00
1.047059201939589457e+00,1.045705988410233545e+00,1.042953455814100039e+00,1.038787568828126950e+00,1.033191614857685181e+00,1.026148074962435430e+00,1.017643181770964134e+00,1.007670920445875140e+00,9.962357395836534124e-01,9.833565122857805818e-01,9.690672936514772573e-01,9.534194058680611761e-01,9.364803474055349852e-01,9.183338149698840880e-01,8.990770810340933394e-01,8.788196682463365050e-01,8.576798791113304787e-01,8.357829733744353007e-01,8.132576072542150314e-01,7.902341609284206925e-01,7.668416352343854214e-01,7.432064870463648276e-01,7.194502780273808185e-01,6.956891222554304477e-01,6.720321644186526555e-01,6.485815153850182924e-01,6.254312490717950368e-01,6.026672256055718435e-01,5.803662401056328690e-01,5.585958810278270903e-01,5.374143883680915224e-01,5.168716320653885532e-01,4.970103848172016114e-01,4.778673980843564095e-01,4.594732469453504109e-01,4.418516570117105857e-01,4.250189629404133029e-01,4.089850786368174340e-01,3.937547997386587895e-01,3.793294302826950570e-01,3.657059723385032157e-01,3.528769197885566200e-01,3.408297415168846101e-01,3.295493634836788033e-01,3.190183993326343170e-01,3.092180275316138705e-01,3.001261066489178120e-01,2.917191001183141452e-01,2.839721503408298986e-01,2.768612250286679455e-01,2.703608495393012845e-01,2.644456899377303216e-01,2.590902918707911340e-01,2.542713456851686260e-01,2.499656884952230484e-01,2.461516993651002849e-01,2.428086099660049513e-01,2.399188508084932892e-01,2.374659654911397411e-01,2.354357787935583701e-01,2.338159525354370771e-01,2.325979079332114452e-01,2.317742389724912755e-01,2.313404977890201053e-01,2.312948902697655740e-01,2.316386881350922522e-01,2.323746550317764559e-01,2.335090390298546481e-01,2.350503613215551013e-01,2.370095312726334669e-01,2.393993390280400035e-01,2.422357978246338917e-01,2.455359120405091744e-01,2.493191005338530886e-01,2.536062969897301400e-01,2.584201052261789755e-01,2.637836011380869650e-01,2.697217583822890674e-01,2.762591890898704605e-01,2.834213306290962464e-01,2.912331610686749173e-01,2.997195287505718397e-01,3.089037552172726464e-01,3.188087207622629649e-01,3.294546644908962207e-01,3.408604474945207130e-01,3.530417913181906897e-01,3.660118423400149368e-01,3.797799172958065128e-01,3.943519704019422534e-01,4.097291739814892253e-01,4.259086232670057370e-01,4.428818913119414447e-01,4.606355825003731752e-01,4.791502234664619664e-01,4.984005175219294870e-01,5.183544920283367219e-01,5.389736680659211743e-01,5.602122708539809537e-01,5.820174513703477714e-01,6.043285561098770131e-01,6.270774102579963483e-01,6.501877391811916596e-01,6.735755700550782876e-01,6.971488946061299430e-01,7.208083277570125347e-01,7.444470932157685183e-01,7.679521468212584523e-01,7.912045502659736940e-01,8.140813410545888473e-01,8.364566000707327476e-01,8.582042257276754071e-01,8.791986307635397679e-01,8.993184205361615113e-01,9.184477106684312275e-01,9.364803474055349852e-01,9.533206700294272196e-01,9.688875093685282991e-01,9.831139759153586510e-01,9.959501126279235450e-01,1.007361428576231788e+00,1.017328992451368208e+00,1.025847071666873944e+00,1.032919986916027710e+00,1.038559867131453984e+00,1.042781039642818541e+00,1.045598450977905713e+00,1.047022968901245576e+00
1.017710661255904370e+00,1.017093714920065395e+00,1.015807243791485348e+00,1.013810559664293010e+00,1.011047644702046000e+00,1.007450642903791049e+00,1.002945724543977235e+00,9.974591424203822498e-01,9.909218375294983616e-01,9.832753756903400699e-01,9.744749232177696285e-01,9.644930776677256290e-01,9.533206700294272196e-01,9.409681541192327359e-01,9.274642809085520412e-01,9.128555929387971446e-01,8.972036454786405102e-01,8.805834576094184740e-01,8.630801554793521291e-01,8.447871663025097178e-01,8.258029908702866351e-01,8.062296693647823531e-01,7.861701050796909840e-01,7.657270463622154466e-01,7.450011340414164351e-01,7.240904162296715185e-01,7.030890135518461648e-01,6.820868433140248044e-01,6.611684985503814005e-01,6.404127844019882332e-01,6.198919607763855311e-01,5.996721023138036344e-01,5.798135050436883375e-01,5.603713811547947898e-01,5.413963396551935148e-01,5.229342994519043941e-01,5.050254729445242674e-01,4.877039476057518641e-01,4.709982991198700120e-01,4.549332060894926144e-01,4.395295724998220521e-01,4.248043241511254564e-01,4.107692004298542088e-01,3.974318362293161044e-01,3.847965407424425166e-01,3.728658195637422068e-01,3.616386372087987411e-01,3.511110218490358648e-01,3.412761862553139736e-01,3.321270396353241949e-01,3.236545671282868852e-01,3.158484872824658396e-01,3.086968166663552893e-01,3.021885152035110877e-01,2.963119133480489609e-01,2.910555954325673156e-01,2.864076777368609328e-01,2.823582743160955033e-01,2.788978143784959229e-01,2.760179896662293686e-01,2.737110488301368605e-01,2.719719595131380174e-01,2.707964244813183541e-01,2.701817320116930432e-01,2.701268529970519694e-01,2.706332548628154200e-01,2.717028112033972320e-01,2.733399083900280857e-01,2.755502915712213508e-01,2.783413803319945146e-01,2.817212065081662331e-01,2.857001416646198777e-01,2.902886457327440439e-01,2.954983757439038072e-01,3.013413918309453265e-01,3.078304738315296163e-01,3.149775247684658552e-01,3.227952100815940639e-01,3.312947037133255890e-01,3.404866802340222876e-01,3.503801944477089592e-01,3.609829708619116673e-01,3.723000482527396571e-01,3.843348210371289042e-01,3.970871416099726048e-01,4.105543094908341573e-01,4.247298026163974782e-01,4.396036218755909886e-01,4.551614456986783352e-01,4.713850617905279705e-01,4.882512969913364032e-01,5.057327714305870359e-01,5.237968200492844062e-01,5.424061495024261603e-01,5.615180924190497080e-01,5.810850365167112841e-01,6.010539179012539535e-01,6.213666178375376603e-01,6.419595183437110109e-01,6.627639808614986805e-01,6.837059726568099904e-01,7.047066328147906233e-01,7.256820705397899474e-01,7.465440789085846518e-01,7.672002051038049331e-01,7.875547523970283237e-01,8.075092133442751674e-01,8.269637497979260843e-01,8.458180475524557096e-01,8.639735155171450742e-01,8.813347843372696389e-01,8.978125561074676853e-01,9.133247294738850997e-01,9.278000360801854640e-01,9.411793525167979624e-01,9.534194058680611761e-01,9.644930776677256290e-01,9.743923632755979725e-01,9.831270680636805537e-01,9.907259234476271104e-01,9.972333667110149236e-01,1.002707820226888202e+00,1.007217079770043711e+00,1.010833403729492375e+00,1.013628954125820769e+00,1.015668600881781458e+00,1.017006818037941684e+00,1.017681247857836979e+00
9.885137857618531143e-01,9.885986974592100296e-01,9.887107450284418064e-01,9.887861876063368527e-01,9.887345269443699181e-01,9.884437672651813500e-01,9.877867607842603093e-01,9.866288842410426696e-01,9.848342131391518706e-01,9.822729709129731646e-01,9.788264414817717807e-01,9.743923632755979725e-01,9.688875093685282991e-01,9.622504670998068832e-01,9.544416852135384488e-01,9.454439438633386317e-01,9.352604543735623110e-01,9.239137916181476839e-01,9.114429512456183602e-01,8.979016004874722512e-01,8.833549040693782217e-01,8.678777589382917768e-01,8.515519244221536610e-01,8.344646174041798758e-01,8.167062061508261195e-01,7.983692995382227764e-01,7.795470278430229882e-01,7.603324696696773799e-01,7.408172548089737575e-01,7.210909711195512273e-01,7.012399570632510404e-01,6.813468868699885661e-01,6.614903678438253110e-01,6.417453461735078690e-01,6.221835318328885478e-01,6.028732781790893114e-01,5.838785302152018630e-01,5.652582131882581962e-01,5.470660214129736687e-01,5.293509934278119999e-01,5.121581061495135145e-01,4.955285766910151324e-01,4.794985888714222710e-01,4.640991559638933950e-01,4.493565995174435557e-01,4.352944077032248060e-01,4.219322810296119997e-01,4.092860150782371420e-01,3.973670759162644117e-01,3.861847845547572433e-01,3.757461812944882240e-01,3.660559865530501611e-01,3.571156155192340975e-01,3.489258867408722153e-01,3.414863597476767154e-01,3.347956816847101891e-01,3.288507236916018428e-01,3.236490640862683676e-01,3.191878890602595220e-01,3.154645298757827732e-01,3.124759101140739403e-01,3.102204000900741221e-01,3.086965470866402939e-01,3.079036195740343373e-01,3.078411764260238215e-01,3.085107993176734453e-01,3.099136416098673408e-01,3.120521393237538632e-01,3.149293779360959888e-01,3.185492841227244298e-01,3.229152969991844202e-01,3.280321865343438503e-01,3.339039955809539606e-01,3.405347604374640014e-01,3.479278406609864760e-01,3.560862814137379928e-01,3.650110995490933874e-01,3.747027406146798967e-01,3.851592015588352069e-01,3.963765526314233512e-01,4.083481258793426605e-01,4.210646808635942762e-01,4.345131189504769509e-01,4.486774654529881445e-01,4.635372159266069048e-01,4.790681577302393634e-01,4.952414076572466684e-01,5.120237317714213532e-01,5.293769145263240716e-01,5.472582935350089883e-01,5.656199543943216668e-01,5.844095723335556158e-01,6.035697105124882000e-01,6.230385757419298898e-01,6.427496802681673671e-01,6.626324496594406810e-01,6.826121093338173296e-01,7.026103358050193037e-01,7.225452037753115064e-01,7.423319661026823724e-01,7.618830831948173454e-01,7.811091229297204563e-01,7.999189770768850849e-01,8.182209312825676761e-01,8.359231693042090683e-01,8.529351392944590771e-01,8.691684288840946238e-01,8.845385841372319646e-01,8.989663875570670371e-01,9.123803051700747346e-01,9.247182801966005172e-01,9.359305937919089047e-01,9.459812270735312723e-01,9.548512220124507621e-01,9.625397880604396050e-01,9.690672936514772573e-01,9.744749232177696285e-01,9.788264414817717807e-01,9.822057266658816843e-01,9.847163203153428412e-01,9.864765794081478134e-01,9.876163030737075132e-01,9.882702017712858833e-01,9.885715871016031997e-01,9.886459181188911316e-01,9.886025687382300475e-01,9.885304656366145082e-01,9.884905170383859740e-01
9.599717797541416076e-01,9.607160552133251485e-01,9.621428307154218373e-01,9.641689144884253437e-01,9.666744931945743247e-01,9.695096896335826386e-01,9.725011798369678218e-01,9.754608236730462067e-01,9.781931014757674347e-01,9.805036383044551940e-01,9.822057266658816843e-01,9.831270680636805537e-01,9.831139759153586510e-01,9.820355201082122676e-01,9.797849898590982320e-01,9.762814631105243279e-01,9.714689571291188486e-01,9.653160433368981330e-01,9.578135310613760112e-01,9.489729785015015295e-01,9.388237598379873816e-01,9.274112243543584100e-01,9.147937694866925540e-01,9.010411403318272505e-01,8.862318534395683400e-01,8.704518742576823342e-01,8.537925075824261967e-01,8.363494384800276293e-01,8.182209814812182458e-01,7.995072280307624624e-01,7.803084310975094695e-01,7.607241656952368203e-01,7.408522694183830026e-01,7.207885358994587932e-01,7.006263586172281066e-01,6.804567722085721471e-01,6.603679060515048604e-01,6.404440646653029034e-01,6.207644521042681163e-01,6.014029079233154107e-01,5.824286797666786697e-01,5.639069876778251000e-01,5.458979890610748953e-01,5.284561965118257376e-01,5.116301566463619110e-01,4.954637500472358624e-01,4.799964811542594134e-01,4.652634712535501649e-01,4.512942760006097842e-01,4.381142323748008494e-01,4.257454259380608619e-01,4.142069850124556751e-01,4.035135531337488146e-01,3.936772539540100979e-01,3.847080638815327802e-01,3.766144378114120173e-01,3.694017136572824711e-01,3.630744143116544365e-01,3.576362016664091925e-01,3.530898353233453690e-01,3.494365854341054956e-01,3.466782090304576514e-01,3.448158390532398698e-01,3.438505820364525789e-01,3.437827748237793912e-01,3.446138516975025823e-01,3.463443540928494713e-01,3.489749301997306929e-01,3.525059843381512792e-01,3.569381308203105618e-01,3.622704537199012975e-01,3.685022911302695547e-01,3.756315589010625899e-01,3.836550103777938148e-01,3.925676415010457276e-01,4.023631693863336523e-01,4.130321474702896012e-01,4.245633045512420267e-01,4.369418943742857664e-01,4.501499616202693232e-01,4.641655954399368511e-01,4.789631418599071822e-01,4.945118788794786724e-01,5.107769568781463931e-01,5.277179816277168811e-01,5.452896248794019129e-01,5.634410100306013192e-01,5.821159027049844781e-01,6.012524010076276682e-01,6.207834367966000855e-01,6.406363340029201936e-01,6.607336719226850619e-01,6.809929763450384144e-01,7.013276125391314508e-01,7.216468118321017755e-01,7.418565496832627559e-01,7.618597905555191119e-01,7.815574852062212585e-01,8.008489143453800807e-01,8.196328465895845738e-01,8.378080088173192053e-01,8.552743830148443749e-01,8.719338886185710180e-01,8.876918559396642650e-01,9.024579977049995705e-01,9.161481574472389866e-01,9.286856224753989864e-01,9.400032546358403351e-01,9.500451272956524917e-01,9.587691240408986459e-01,9.661488954040038379e-01,9.721766240437688111e-01,9.768644155044228228e-01,9.802471569707194021e-01,9.823832139418868792e-01,9.833565122857805818e-01,9.832753756903400699e-01,9.822729709129731646e-01,9.805036383044551940e-01,9.781408943501617159e-01,9.753711254014518772e-01,9.723887502772328162e-01,9.693881492320173265e-01,9.665563008389881361e-01,9.640648803152203072e-01,9.620614956984780974e-01,9.606642977449695309e-01,9.599539199611655249e-01
9.325833375934990954e-01,9.339374426851918543e-01,9.365809637754693995e-01,9.404146288604948722e-01,9.452944976678594458e-01,9.510389772965908151e-01,9.574357500529515619e-01,9.642507000968123521e-01,9.712363165695592215e-01,9.781408943501617159e-01,9.847163203153428412e-01,9.907259234476271104e-01,9.959501126279235450e-01,1.000191811098133599e+00,1.003279335745276057e+00,1.005069148883549701e+00,1.005446196068447762e+00,1.004324385546993881e+00,1.001645094370758216e+00,9.973761422013893707e-01,9.915092862308085842e-01,9.840584687676425801e-01,9.750569713031893571e-01,9.645555168918917843e-01,9.526195062980775674e-01,9.393273118933223031e-01,9.247677987617208828e-01,9.090389144088106832e-01,8.922455108900919640e-01,8.744981137254796977e-01,8.559109121177783663e-01,8.366005446110307275e-01,8.166843541342245771e-01,7.962795394297899065e-01,7.755020666518532835e-01,7.544663893785639175e-01,7.332846488484392466e-01,7.120657799559637624e-01,6.909143257206409316e-01,6.699296710128948007e-01,6.492055964331342466e-01,6.288305337671715733e-01,6.088874348884587562e-01,5.894534704367941913e-01,5.705990906569979870e-01,5.523881868890896385e-01,5.348790956495008686e-01,5.181249325161587649e-01,5.021724696826623813e-01,4.870627720751485867e-01,4.728318652988150461e-01,4.595120813680466654e-01,4.471306556511507324e-01,4.357106557218912712e-01,4.252714903307008854e-01,4.158305311547394467e-01,4.074013044624109625e-01,3.999948611694748024e-01,3.936205260815768270e-01,3.882863046096503012e-01,3.839975286953176692e-01,3.807589577519792101e-01,3.785742007760575234e-01,3.774459792275024483e-01,3.773754363550665403e-01,3.783637736265887952e-01,3.804109556366626066e-01,3.835159530859328925e-01,3.876767077646690041e-01,3.928906187498171221e-01,3.991528213138195724e-01,4.064575256620628352e-01,4.147969070287018667e-01,4.241609308506326670e-01,4.345367924934748771e-01,4.459093959483908520e-01,4.582595788024264039e-01,4.715649877042977778e-01,4.857989496686343500e-01,5.009302427449142670e-01,5.169226039598981970e-01,5.337347791260924623e-01,5.513193507499920543e-01,5.696234362695520304e-01,5.885876274645482908e-01,6.081463153038697556e-01,6.282273720152318219e-01,6.487523127793508593e-01,6.696361119928724293e-01,6.907878535588736213e-01,7.121104571341732026e-01,7.335016915550625072e-01,7.548541703724822582e-01,7.760564159040228560e-01,7.969932643580506237e-01,8.175470036783281103e-01,8.375980364799602285e-01,8.570262237416272910e-01,8.757116948008558666e-01,8.935364116899791043e-01,9.103851474164059709e-01,9.261472269962354176e-01,9.407177327426410329e-01,9.539994265410314256e-01,9.659042212451822706e-01,9.763553313379702558e-01,9.852890132522276190e-01,9.926569790353596545e-01,9.984283199557921762e-01,1.002592157119423177e+00,1.005159625871087314e+00,1.006166405725394952e+00,1.005673943696876904e+00,1.003771602095440585e+00,1.000576744644376959e+00,9.962357395836534124e-01,9.909218375294983616e-01,9.848342131391518706e-01,9.781931014757674347e-01,9.712363165695592215e-01,9.642116855914366624e-01,9.573709730519510686e-01,9.509606417442171278e-01,9.452137690805670900e-01,9.403411451850729463e-01,9.365223695189826003e-01,9.338997083925448806e-01,9.325700867388491133e-01
9.068320666154079390e-01,9.087404776663561279e-01,9.124905292109133370e-01,9.179700187909816123e-01,9.250158239554338024e-01,9.334205284696110994e-01,9.429397064709661436e-01,9.533007124270653776e-01,9.642116855914366624e-01,9.753711254014518772e-01,9.864765794081478134e-01,9.972333667110149236e-01,1.007361428576231788e+00,1.016601944924957479e+00,1.024721576797702483e+00,1.031516435665167819e+00,1.036813699134029321e+00,1.040473094466548787e+00,1.042386394503623137e+00,1.042477034584365470e+00,1.040698207998758562e+00,1.037031361513044203e+00,1.031483562923824593e+00,1.024085507803746964e+00,1.014888646397480443e+00,1.003963130152754957e+00,9.913949883319332912e-01,9.772842329015531959e-01,9.617422135686695128e-01,9.448899085670063869e-01,9.268554445415304599e-01,9.077724636512130019e-01,8.877778259608533062e-01,8.670102323823698498e-01,8.456084940257682092e-01,8.237105608866670536e-01,8.014524083368286256e-01,7.789672517829586695e-01,7.563842143338064261e-01,7.338271105903118041e-01,7.114134806224399199e-01,6.892546932654539660e-01,6.674558160570711607e-01,6.461151177699377968e-01,6.253233917062175351e-01,6.051637793257782505e-01,5.857123270580189001e-01,5.670386223067112041e-01,5.492053646050436555e-01,5.322683766429321395e-01,5.162767874692946179e-01,5.012746623903012733e-01,4.873006621025979257e-01,4.743880354633773777e-01,4.625650251023500914e-01,4.518566753704504890e-01,4.422840442298650032e-01,4.338643197312563871e-01,4.266118255496564871e-01,4.205391044515351950e-01,4.156554113654067351e-01,4.119681017190970351e-01,4.094829498975087745e-01,4.082041457518386096e-01,4.081335748354320003e-01,4.092722297517781271e-01,4.116194280027229979e-01,4.151727623284529045e-01,4.199278565856161549e-01,4.258791470787031130e-01,4.330182243904232564e-01,4.413345815981983833e-01,4.508151565295008822e-01,4.614437092725296452e-01,4.732003372020017196e-01,4.860618521233988076e-01,5.000002142209041267e-01,5.149829332876123544e-01,5.309723384035720528e-01,5.479250525808936345e-01,5.657915364350571963e-01,5.845161271590626484e-01,6.040358944381409856e-01,6.242811917747843609e-01,6.451747907582330299e-01,6.666320797055789171e-01,6.885608565341669873e-01,7.108615434764402607e-01,7.334270969917326966e-01,7.561437159424286847e-01,7.788908316609166604e-01,8.015421384418601747e-01,8.239659680998698832e-01,8.460264750337529449e-01,8.675844223649278319e-01,8.884986117776492165e-01,9.086269414901124719e-01,9.278281611754550795e-01,9.459631459154422828e-01,9.628969331045453828e-01,9.785002374235176603e-01,9.926516939241025739e-01,1.005239629126094769e+00,1.016164474964142528e+00,1.025340770978374394e+00,1.032699730293060725e+00,1.038191398260806864e+00,1.041787313884242394e+00,1.043482649735139489e+00,1.043298820459284570e+00,1.041285348524667143e+00,1.037522031952065049e+00,1.032119779279241811e+00,1.025221913528895357e+00,1.017003455029509951e+00,1.007670920445875140e+00,9.974591424203822498e-01,9.866288842410426696e-01,9.754608236730462067e-01,9.642507000968123521e-01,9.533007124270653776e-01,9.429124327808438011e-01,9.333767668392738415e-01,9.249654444038526435e-01,9.179215114707943712e-01,9.124506183893288380e-01,9.087143428288868563e-01,9.068227074845935931e-01
8.831769301338852074e-01,8.855791763700437969e-01,8.903154045300993857e-01,8.972633998017442991e-01,9.062452384899444269e-01,9.170331224003831494e-01,9.293568888516716697e-01,9.429124327808438011e-01,9.573709730519510686e-01,9.723887502772328162e-01,9.876163030737075132e-01,1.002707820226888202e+00,1.017328992451368208e+00,1.031164647827480962e+00,1.043924279879547612e+00,1.055347200920991213e+00,1.065205475080702513e+00,1.073306491702396670e+00,1.079493566020715889e+00,1.083646344080619883e+00,1.085679637034161260e+00,1.085542305268205610e+00,1.083214954904320848e+00,1.078707945159777637e+00,1.072058477482144667e+00,1.063328234186755594e+00,1.052600240512674645e+00,1.039976467251022996e+00,1.025574708005407842e+00,1.009526311451395486e+00,9.919731910336935243e-01,9.730656975330020941e-01,9.529598210584708795e-01,9.318152610350409759e-01,9.097931093466229413e-01,8.870544282972048222e-01,8.637585162930605520e-01,8.400618685915048900e-01,8.161167397143032076e-01,7.920700134734062203e-01,7.680619511245936337e-01,7.442255676691331701e-01,7.206862201925474665e-01,6.975616413148202355e-01,6.749615234267594133e-01,6.529869195126423165e-01,6.317301102634189647e-01,6.112755296339571487e-01,5.917000351596328755e-01,5.730725972125014778e-01,5.554545462879332263e-01,5.389004685884941637e-01,5.234589343341298218e-01,5.091722957404272165e-01,4.960769110347484911e-01,4.842043812502936362e-01,4.735822816056725060e-01,4.642334416500659700e-01,4.561766186882323382e-01,4.494280902351590612e-01,4.440007163471761942e-01,4.399042073423515831e-01,4.371460810978504696e-01,4.357318637382689985e-01,4.356641152438243125e-01,4.369435985666143551e-01,4.395690197706585423e-01,4.435366617405520628e-01,4.488401662936638559e-01,4.554712166648897664e-01,4.634182655997705069e-01,4.726666893096194144e-01,4.831986575581623811e-01,4.949925020839600620e-01,5.080219706898958520e-01,5.222566665150907284e-01,5.376606335626519240e-01,5.541923464969045199e-01,5.718042637468840894e-01,5.904421235507584242e-01,6.100444555867170493e-01,6.305425877850865390e-01,6.518595784172021013e-01,6.739105380961518676e-01,6.966020300499735640e-01,7.198320061025071936e-01,7.434898400863687584e-01,7.674564354385466913e-01,7.916042838484713684e-01,8.157982237008525317e-01,8.398955714745000023e-01,8.637472921371340817e-01,8.871985941425037936e-01,9.100903207801565031e-01,9.322600590680707455e-01,9.535438600351113791e-01,9.737777212421150352e-01,9.927997227550520165e-01,1.010451822713122283e+00,1.026582357090887854e+00,1.041048145401731517e+00,1.053717252371527024e+00,1.064471366573116029e+00,1.073208730653647081e+00,1.079846694774090565e+00,1.084324705256221932e+00,1.086606864784656068e+00,1.086684809061011947e+00,1.084579995338430081e+00,1.080346193628969331e+00,1.074071094559840844e+00,1.065878030512237729e+00,1.055926157666306153e+00,1.044410888081330313e+00,1.031562203311636949e+00,1.017643181770964134e+00,1.002945724543977235e+00,9.877867607842603093e-01,9.725011798369678218e-01,9.574357500529515619e-01,9.429397064709661436e-01,9.293568888516716697e-01,9.170152222398826325e-01,9.062180174217928652e-01,8.972342228932319586e-01,8.902900707514760370e-01,8.855621675195664011e-01,8.831706987285343757e-01
8.620422761624979557e-01,8.648738461743192829e-01,8.704676829869413268e-01,8.786941705238007216e-01,8.893642920485831382e-01,9.022347063417726076e-01,9.170152222398826325e-01,9.333767668392738415e-01,9.509606417442171278e-01,9.693881492320173265e-01,9.882702017712858833e-01,1.007217079770043711e+00,1.025847071666873944e+00,1.043794961702047885e+00,1.060718705622662128e+00,1.076305700797945519e+00,1.090277001805716850e+00,1.102391008139122164e+00,1.112445223540532879e+00,1.120277534130366348e+00,1.125765875181201636e+00,1.128827606744636114e+00,1.129417627625798559e+00,1.127526464948758189e+00,1.123177385911475312e+00,1.116423771713755286e+00,1.107345694896295640e+00,1.096047025753534854e+00,1.082651833708183631e+00,1.067301531039930751e+00,1.050151345929435820e+00,1.031367647788158592e+00,1.011124644834268338e+00,9.896019662094062141e-01,9.669818063942017261e-01,9.434469840022927656e-01,9.191787692045636504e-01,8.943555547824928453e-01,8.691510730446339039e-01,8.437333019630699482e-01,8.182630056040665067e-01,7.928929118897798389e-01,7.677671188605188490e-01,7.430209808046299713e-01,7.187806876784890164e-01,6.951629409398947246e-01,6.722748401302567345e-01,6.502142260093961568e-01,6.290701513080279028e-01,6.089230365859634730e-01,5.898447944277052102e-01,5.718993108879146803e-01,5.551434278146700763e-01,5.396274497139472714e-01,5.253948391657843331e-01,5.124831211848004386e-01,5.009250311055666316e-01,4.907483330812141276e-01,4.819758096214741272e-01,4.746267156178873847e-01,4.687168361552664919e-01,4.642581655979682864e-01,4.612595278113218455e-01,4.597275079865994485e-01,4.596653372490493439e-01,4.610734839591543732e-01,4.639500686631947701e-01,4.682902723372137643e-01,4.740860527349894937e-01,4.813266633829584862e-01,4.899978707723136040e-01,5.000814766109442644e-01,5.115555344787452441e-01,5.243936169324001639e-01,5.385640528731698851e-01,5.540301321386778000e-01,5.707490603606686363e-01,5.886714666202408353e-01,6.077412217096025415e-01,6.278945797183439481e-01,6.490596701612503239e-01,6.711564005282326661e-01,6.940955550159628729e-01,7.177787909685946488e-01,7.420983237666689547e-01,7.669366441208183005e-01,7.921666352248735166e-01,8.176517269493501772e-01,8.432459419096858255e-01,8.687947442439423185e-01,8.941353083423848602e-01,9.190977252192027436e-01,9.435058932039339652e-01,9.671790070869690226e-01,9.899330259819834055e-01,1.011582645311818851e+00,1.031943187263138384e+00,1.050833130601560583e+00,1.068076399906260576e+00,1.083505353704310892e+00,1.096963469361185162e+00,1.108308643308291153e+00,1.117416179816856925e+00,1.124182246218524028e+00,1.128526976835189544e+00,1.130397874675651337e+00,1.129772750076099896e+00,1.126662775239651637e+00,1.121114863832289643e+00,1.113213984026614867e+00,1.103084455429353739e+00,1.090891050729638323e+00,1.076838543319610153e+00,1.061171028854204224e+00,1.044169300217731688e+00,1.026148074962435430e+00,1.007450642903791049e+00,9.884437672651813500e-01,9.695096896335826386e-01,9.510389772965908151e-01,9.334205284696110994e-01,9.170331224003831494e-01,9.022347063417726076e-01,8.893536863807725013e-01,8.786791934309832186e-01,8.704532342861170946e-01,8.648637133874217398e-01,8.620384456314980071e-01
8.438094708308057079e-01,8.470027819252265999e-01,8.533193485521621824e-01,8.626243361570828938e-01,8.747207025011221049e-01,8.893536863807725013e-01,9.062180174217928652e-01,9.249654444038526435e-01,9.452137690805670900e-01,9.665563008389881361e-01,9.885715871016031997e-01,1.010833403729492375e+00,1.032919986916027710e+00,1.054423185537359586e+00,1.074956143439948164e+00,1.094160541518078844e+00,1.111712021012181140e+00,1.127324926307451847e+00,1.140755206492656271e+00,1.151802583970933824e+00,1.160311081575031267e+00,1.166168944802350893e+00,1.169307221074689096e+00,1.169697990252757336e+00,1.167351545149500680e+00,1.162313544217099093e+00,1.154661342307278460e+00,1.144500622480776997e+00,1.131961355160555627e+00,1.117194348317212871e+00,1.100367210275891239e+00,1.081661098962371170e+00,1.061266943915228467e+00,1.039382546175517064e+00,1.016209252098661864e+00,9.919496046041587078e-01,9.668047510515123122e-01,9.409726431528753210e-01,9.146462140554376674e-01,8.880122098517944096e-01,8.612494732709308209e-01,8.345280166422242019e-01,8.080082341004128921e-01,7.818406428727513457e-01,7.561657112762674160e-01,7.311135907984436244e-01,7.068039379201138672e-01,6.833460009097933607e-01,6.608392525154584973e-01,6.393738850317305378e-01,6.190306367413427324e-01,5.998815063495896993e-01,5.819902339253530954e-01,5.654133643353986827e-01,5.502002256146738546e-01,5.363935303498976737e-01,5.240301208608286743e-01,5.131418155910409951e-01,5.037548040666877114e-01,4.958909013788570519e-01,4.895680975280356506e-01,4.848003454541185420e-01,4.815976782910951215e-01,4.799672793261748893e-01,4.799130073283208731e-01,4.814351335307094359e-01,4.845311531770306601e-01,4.891953729126896633e-01,4.954183045760771620e-01,5.031871662128537537e-01,5.124853681493277691e-01,5.232918276230265064e-01,5.355810635235229711e-01,5.493227010126418008e-01,5.644805132015164872e-01,5.810125140001929367e-01,5.988701613517832811e-01,6.179975387286731348e-01,6.383312542894827857e-01,6.597996172781250834e-01,6.823219589294495790e-01,7.058085520610575259e-01,7.301597330492768378e-01,7.552657776711271254e-01,7.810066009332530257e-01,8.072514736981446504e-01,8.338591089838303105e-01,8.606777914719430100e-01,8.875455529101401453e-01,9.142909219785337882e-01,9.407334015515687042e-01,9.666846854033792624e-01,9.919497429615091733e-01,1.016328475319227209e+00,1.039617432608892500e+00,1.061612050247148886e+00,1.082108917415681049e+00,1.100908649431673325e+00,1.117818682393760810e+00,1.132656690564999735e+00,1.145253859770889449e+00,1.155458684066530850e+00,1.163140558605732622e+00,1.168193729618849375e+00,1.170540926982710062e+00,1.170137147537531064e+00,1.166972934257913153e+00,1.161077567309746428e+00,1.152521482706688971e+00,1.141418363276912373e+00,1.127926100015457678e+00,1.112247233662372992e+00,1.094627819700733085e+00,1.075355723385513329e+00,1.054756957917675209e+00,1.033191614857685181e+00,1.011047644702046000e+00,9.887345269443699181e-01,9.666744931945743247e-01,9.452944976678594458e-01,9.250158239554338024e-01,9.062452384899444269e-01,8.893642920485831382e-01,8.747207025011221049e-01,8.626188440424442661e-01,8.533123846277135272e-01,8.469974476477943881e-01,8.438073490531223797e-01
8.288086246702732751e-01,8.322937628203561644e-01,8.391934371639422352e-01,8.493693238092987485e-01,8.626188440424442661e-01,8.786791934309832186e-01,8.972342228932319586e-01,9.179215114707943712e-01,9.403411451850729463e-01,9.640648803152203072e-01,9.886459181188911316e-01,1.013628954125820769e+00,1.038559867131453984e+00,1.062995345091280797e+00,1.086511399870090600e+00,1.108711422026118498e+00,1.129232654226342447e+00,1.147751876658560377e+00,1.163989351270330985e+00,1.177711821302807493e+00,1.188733858939230004e+00,1.196918325205132305e+00,1.202175416671366293e+00,1.204461062605503230e+00,1.203774201534855592e+00,1.200153755554552504e+00,1.193674755726249259e+00,1.184444549111390188e+00,1.172598363297836954e+00,1.158295312574921354e+00,1.141713895622075370e+00,1.123048204394578420e+00,1.102503715819011632e+00,1.080293934397133171e+00,1.056636711409964846e+00,1.031751481691259187e+00,1.005856310029912493e+00,9.791659254834854664e-01,9.518896088682140544e-01,9.242297119705256137e-01,8.963800194825211065e-01,8.685250356937501692e-01,8.408389377032250422e-01,8.134850346471012017e-01,7.866155070443028308e-01,7.603711858322128592e-01,7.348818025169521206e-01,7.102661126121745383e-01,6.866320568738757402e-01,6.640774185178202060e-01,6.426900156685633192e-01,6.225483017213377934e-01,6.037218228267988707e-01,5.862721668061823266e-01,5.702534633016824728e-01,5.557123908228760456e-01,5.426891065056338448e-01,5.312183283736402473e-01,5.213291017402070793e-01,5.130452874481079562e-01,5.063864826900328353e-01,5.013681194052992396e-01,4.980013386515338425e-01,4.962936568335152288e-01,4.962493496231843437e-01,4.978686300727019898e-01,5.011483497188891079e-01,5.060820519600071066e-01,5.126591303884424633e-01,5.208651443158061056e-01,5.306815993129561093e-01,5.420851218313913478e-01,5.550473941423916813e-01,5.695348524667878110e-01,5.855076569879997805e-01,6.029195808521166100e-01,6.217174204019073613e-01,6.418400457580446528e-01,6.632181767305382891e-01,6.857737340610015053e-01,7.094189674913309318e-01,7.340563658551388926e-01,7.595778266210260199e-01,7.858643612265723277e-01,8.127859214487784811e-01,8.402009569419988111e-01,8.679565833256219776e-01,8.958886491090112258e-01,9.238219607961468682e-01,9.515710227589408987e-01,9.789406175630972484e-01,1.005727025251587747e+00,1.031719311688334528e+00,1.056701042158110226e+00,1.080452285420221870e+00,1.102752019063188982e+00,1.123380756819045700e+00,1.142123715500048320e+00,1.158774052373956920e+00,1.173136681076414334e+00,1.185032064473773517e+00,1.194300470510569312e+00,1.200806109353166562e+00,1.204441531647887587e+00,1.205131736993195091e+00,1.202838289494565061e+00,1.197562888506027434e+00,1.189350652421367727e+00,1.178292535467079460e+00,1.164527167842493327e+00,1.148241465476075973e+00,1.129670452466569941e+00,1.109095485300841233e+00,1.086841592169363935e+00,1.063272895084310221e+00,1.038787568828126950e+00,1.013810559664293010e+00,9.887861876063368527e-01,9.641689144884253437e-01,9.404146288604948722e-01,9.179700187909816123e-01,8.972633998017442991e-01,8.786941705238007216e-01,8.626243361570828938e-01,8.493693238092987485e-01,8.391910874569532552e-01,8.322914824316143267e-01,8.288076207635128867e-01
8.173123489408453679e-01,8.210177319905938020e-01,8.283574741292341059e-01,8.391910874569532552e-01,8.533123846277135272e-01,8.704532342861170946e-01,8.902900707514760370e-01,9.124506183893288380e-01,9.365223695189826003e-01,9.620614956984780974e-01,9.886025687382300475e-01,1.015668600881781458e+00,1.042781039642818541e+00,1.069469716947992310e+00,1.095282014752513078e+00,1.119791521230666831e+00,1.142605373019733861e+00,1.163370684321861859e+00,1.181779374680075989e+00,1.197571860486419837e+00,1.210539112252433824e+00,1.220523583863695194e+00,1.227418678197636837e+00,1.231167304639200211e+00,1.231759260265519629e+00,1.229228065511833279e+00,1.223646936699040566e+00,1.215124633901567108e+00,1.203800714775894676e+00,1.189841067261554031e+00,1.173433042498700729e+00,1.154781181746812990e+00,1.134102672023544756e+00,1.111623584194120440e+00,1.087574918127046431e+00,1.062189533437887690e+00,1.035698946679318055e+00,1.008331084432114721e+00,9.803079261522782417e-01,9.518440613302487918e-01,9.231451043297624892e-01,8.944067858100481772e-01,8.658137074497176400e-01,8.375388738557205670e-01,8.097433389694117523e-01,7.825764076953589665e-01,7.561757912340709709e-01,7.306673871146927013e-01,7.061654994631396676e-01,6.827735858416019710e-01,6.605847607634132146e-01,6.396821272420112336e-01,6.201395597258425596e-01,6.020223758101934664e-01,5.853880714789738704e-01,5.702863825986241864e-01,5.567601885977353504e-01,5.448462211584512715e-01,5.345755612743516849e-01,5.259736111405999281e-01,5.190612596871346796e-01,5.138548123500044085e-01,5.103662439675105134e-01,5.086034214941435039e-01,5.085706188430947350e-01,5.102681393442480839e-01,5.136923249711173867e-01,5.188360444748241207e-01,5.256879034930506123e-01,5.342321395751667978e-01,5.444488236639415391e-01,5.563128043608145390e-01,5.697936679652855219e-01,5.848553662888491544e-01,6.014553797343751285e-01,6.195442269478803610e-01,6.390652362549218424e-01,6.599533244973088131e-01,6.821348543939649289e-01,7.055268931810303457e-01,7.300364009279860511e-01,7.555599315992083120e-01,7.819830341457247869e-01,8.091796967024151854e-01,8.370122744752706012e-01,8.653310616076055339e-01,8.939742850849228262e-01,9.227683137709448147e-01,9.515278321583480192e-01,9.800565371073446386e-01,1.008147879153824533e+00,1.035586194413880889e+00,1.062148175782766657e+00,1.087604640363394992e+00,1.111722718808067611e+00,1.134268425027613603e+00,1.155009558160088545e+00,1.173719094499062976e+00,1.190178812878770032e+00,1.204183400861921882e+00,1.215544711113935250e+00,1.224096367443735289e+00,1.229698378290748906e+00,1.232241890128676687e+00,1.231653703551614853e+00,1.227900651444045366e+00,1.220993410343226060e+00,1.210989841129986644e+00,1.197997387607330211e+00,1.182174676516552836e+00,1.163731802887539857e+00,1.142929588563788457e+00,1.120077226092973888e+00,1.095528868027429326e+00,1.069678424468264666e+00,1.042953455814100039e+00,1.015807243791485348e+00,9.887107450284418064e-01,9.621428307154218373e-01,9.365809637754693995e-01,9.124905292109133370e-01,8.903154045300993857e-01,8.704676829869413268e-01,8.533193485521621824e-01,8.391934371639422352e-01,8.283574741292341059e-01,8.210171187683101834e-01,8.173119885985613564e-01
8.095297622942609905e-01,8.133826678586046910e-01,8.210171187683101834e-01,8.322914824316143267e-01,8.469974476477943881e-01,8.648637133874217398e-01,8.855621675195664011e-01,9.087143428288868563e-01,9.338997083925448806e-01,9.606642977449695309e-01,9.885304656366145082e-01,1.017006818037941684e+00,1.045598450977905713e+00,1.073817032532318194e+00,1.101190454532925855e+00,1.127271870043244917e+00,1.151647661268469847e+00,1.173944379543357286e+00,1.193834218708786921e+00,1.211039195751652642e+00,1.225333740711676001e+00,1.236545964657040031e+00,1.244557451540998727e+00,1.249301934985282969e+00,1.250762776008713217e+00,1.248969698900609160e+00,1.243994669759089788e+00,1.235947480207215676e+00,1.224970788684174750e+00,1.211235303564492938e+00,1.194934661070419679e+00,1.176280792606831938e+00,1.155499149939871018e+00,1.132824626979186178e+00,1.108497443252815629e+00,1.082759818658971085e+00,1.055852656726031569e+00,1.028013088206435555e+00,9.994720087897661642e-01,9.704525101094390038e-01,9.411681838685410639e-01,9.118221914277455653e-01,8.826062137765831039e-01,8.536999858521880924e-01,8.252709629727803531e-01,7.974742850037443986e-01,7.704526916458576125e-01,7.443366881700228532e-01,7.192448637518538135e-01,6.952845809207985894e-01,6.725523581830259445e-01,6.511345542952540200e-01,6.311082527148101917e-01,6.125412183547638278e-01,5.954928717589638154e-01,5.800149624420072314e-01,5.661520002090867365e-01,5.539421185534081360e-01,5.434176584457190984e-01,5.346050669927677745e-01,5.275258851408608507e-01,5.221970288131672078e-01,5.186308933232339768e-01,5.168356649834890959e-01,5.168154587487805429e-01,5.185706674155881046e-01,5.220973458616384733e-01,5.273877296016280525e-01,5.344299068422344590e-01,5.432072401300445108e-01,5.536986877003471363e-01,5.658779398017088624e-01,5.797131382155384927e-01,5.951665322533585822e-01,6.121938300397005150e-01,6.307434091455945691e-01,6.507562669819719758e-01,6.721647177555496455e-01,6.948920915190228698e-01,7.188521757414747526e-01,7.439483823137891250e-01,7.700733127902594788e-01,7.971082350344289580e-01,8.249224817753741945e-01,8.533733007869841458e-01,8.823054945836190655e-01,9.115513516043591835e-01,9.409308324806318069e-01,9.702518082684292722e-01,9.993106909471123345e-01,1.027893264845189947e+00,1.055775774758359375e+00,1.082726518332705723e+00,1.108507604849549466e+00,1.132877332293745098e+00,1.155592804038462873e+00,1.176413074430811889e+00,1.195102663029487644e+00,1.211435469335924608e+00,1.225199074907550312e+00,1.236199330394214257e+00,1.244265205937296059e+00,1.249253749687596837e+00,1.251055087229616447e+00,1.249597239333468224e+00,1.244850678523505394e+00,1.236832323179910986e+00,1.225608907586334340e+00,1.211299374828371356e+00,1.194076290054510991e+00,1.174165898417712128e+00,1.151846959139206206e+00,1.127447966707308069e+00,1.101343125815660073e+00,1.073946636452319581e+00,1.045705988410233545e+00,1.017093714920065395e+00,9.885986974592100296e-01,9.607160552133251485e-01,9.339374426851918543e-01,9.087404776663561279e-01,8.855791763700437969e-01,8.648738461743192829e-01,8.470027819252265999e-01,8.322937628203561644e-01,8.210177319905938020e-01,8.133826678586046910e-01,8.095296758677079652e-01
8.056027705663382221e-01,8.095296758677079652e-01,8.173119885985613564e-01,8.288076207635128867e-01,8.438073490531223797e-01,8.620384456314980071e-01,8.831706987285343757e-01,9.068227074845935931e-01,9.325700867388491133e-01,9.599539199611655249e-01,9.884905170383859740e-01,1.017681247857836979e+00,1.047022968901245576e+00,1.076018113407727128e+00,1.104184626792203971e+00,1.131065154506046611e+00,1.156235391936647261e+00,1.179311246491096199e+00,1.199954691830939169e+00,1.217878178851393045e+00,1.232847534609334161e+00,1.244683393422377549e+00,1.253261182585660549e+00,1.258509849792275759e+00,1.260409411965042636e+00,1.258987623352709306e+00,1.254315826811463808e+00,1.246504375588912694e+00,1.235697591319635080e+00,1.222068729069235360e+00,1.205814758537712805e+00,1.187151498102849700e+00,1.166308759900957170e+00,1.143526064242948337e+00,1.119048469170650151e+00,1.093123094517395089e+00,1.065995758939749294e+00,1.037908418333245208e+00,1.009096643827817275e+00,9.797879560354658679e-01,9.502001335767147339e-01,9.205402343529840437e-01,8.910036454423533314e-01,8.617734975013036092e-01,8.330203480228846047e-01,8.049020495974730238e-01,7.775638326487523955e-01,7.511387600338821358e-01,7.257476748313251846e-01,7.015000286238830540e-01,6.784942151263635424e-01,6.568182012999272956e-01,6.365502682515824517e-01,6.177591822733319304e-01,6.005053801261510671e-01,5.848416909304035016e-01,5.708134770852666406e-01,5.584594860052334298e-01,5.478125180486443924e-01,5.388995592568335269e-01,5.317425037971048596e-01,5.263585289942938061e-01,5.227600084056689411e-01,5.209553552590193704e-01,5.209485639272202206e-01,5.227397896263141774e-01,5.263250581931515626e-01,5.316961203063925723e-01,5.388407045382450633e-01,5.477417517306832906e-01,5.583775648897670862e-01,5.707212422822749431e-01,5.847400866944951758e-01,6.003955176812354466e-01,6.176422969718942113e-01,6.364276969641196047e-01,6.566913405429772865e-01,6.783642315590867611e-01,7.013682012642590280e-01,7.256154446087066390e-01,7.510076421959297477e-01,7.774354298661592111e-01,8.047779305811957329e-01,8.329020580555663855e-01,8.616625200414347319e-01,8.909013479877643249e-01,9.204478940015690114e-01,9.501189546250117246e-01,9.797190173679410918e-01,1.009040885960743594e+00,1.037866569929917659e+00,1.065968316884493561e+00,1.093110284642335728e+00,1.119050272935481871e+00,1.143542193032914156e+00,1.166338709150835484e+00,1.187194518102444363e+00,1.205869903290420098e+00,1.222134834129931846e+00,1.235773321533883973e+00,1.246588219674734432e+00,1.254406154406652263e+00,1.259082696648988531e+00,1.260507452424633357e+00,1.258609063028842456e+00,1.253359829020197935e+00,1.244779819223992945e+00,1.232940239009039374e+00,1.217965839705328790e+00,1.200036222267485186e+00,1.179385801240528053e+00,1.156302406686563700e+00,1.131124320277976381e+00,1.104235906709845949e+00,1.076061678188978021e+00,1.047059201939589457e+00,1.017710661255904370e+00,9.885137857618531143e-01,9.599717797541416076e-01,9.325833375934990954e-01,9.068320666154079390e-01,8.831769301338852074e-01,8.620422761624979557e-01,8.438094708308057079e-01,8.288086246702732751e-01,8.173123489408453679e-01,8.095297622942609905e-01,8.056027705663382221e-01
