1.023920503939734772e-09,1.170320729215745814e-09,1.508752234258281533e-09,2.076049554489145521e-09,2.910184093707357533e-09,4.099035777471726760e-09,5.748631792812375352e-09,8.020037967071402818e-09,1.112341863063193159e-08,1.533760496386094019e-08,2.102355267652455950e-08,2.864828729798318818e-08,3.880904841935262084e-08,5.226503674293780932e-08,6.997353807491890620e-08,9.313272641975345323e-08,1.232306772180891130e-07,1.620999228180153295e-07,2.119801507660667994e-07,2.755868138137884671e-07,3.561823262998586870e-07,4.576549770263227401e-07,5.845977995022622054e-07,7.423857368848985061e-07,9.372527784989870270e-07,1.176357727672439069e-06,1.467839112478941388e-06,1.820852645550985471e-06,2.245584283855350805e-06,2.753232024588214699e-06,3.355955627171169908e-06,4.066776511990610743e-06,4.899434543403913267e-06,5.868188537760943291e-06,6.987556574244990770e-06,8.272002119724675140e-06,9.735555863699119072e-06,1.139138342409751203e-05,1.325130156715204066e-05,1.532525512004667689e-05,1.762076365707798686e-05,2.014235681713216763e-05,2.289101635710721894e-05,2.586364766443693952e-05,2.905260130603437574e-05,3.244527420065423939e-05,3.602381072198568290e-05,3.976492851620605506e-05,4.363989117450728372e-05,4.761464307989626832e-05,5.165011825170040538e-05,5.570273083321808372e-05,5.972504246187781973e-05,6.366660120704636938e-05,6.747493206660237774e-05,7.109665686755306524e-05,7.447871001886596787e-05,7.756961423410757561e-05,8.032077312236651778e-05,8.268773552799757454e-05,8.463138782133228233e-05,8.611902674715565809e-05,8.712527346688148100e-05,8.763279360834985710e-05,8.763279360834985710e-05,8.712527346688148100e-05,8.611902674715565809e-05,8.463138782133228233e-05,8.268773552799757454e-05,8.032077312236651778e-05,7.756961420568586618e-05,7.447871001886596787e-05,7.109665686755306524e-05,6.747493206660237774e-05,6.366660120704636938e-05,5.972504246187781973e-05,5.570273083321808372e-05,5.165011825170040538e-05,4.761464307989626832e-05,4.363989117450728372e-05,3.976492851620605506e-05,3.602381072198568290e-05,3.244527420065423939e-05,2.905260130603437574e-05,2.586364766443693952e-05,2.289101635710721894e-05,2.014235681713216763e-05,1.762076365707798686e-05,1.532525512004667689e-05,1.325130156715204066e-05,1.139138342409751203e-05,9.735555863699119072e-06,8.272002119724675140e-06,6.987556574244990770e-06,5.868188537760943291e-06,4.899434543403913267e-06,4.066776511990610743e-06,3.355955627171169908e-06,2.753232024588214699e-06,2.245584283855350805e-06,1.820852645550985471e-06,1.467839112478941388e-06,1.176357727672439069e-06,9.372527784989870270e-07,7.423857368848985061e-07,5.845977995022622054e-07,4.576549770263227401e-07,3.561823262998586870e-07,2.755868138137884671e-07,2.119801507660667994e-07,1.620999228180153295e-07,1.232306772180891130e-07,9.313272641975345323e-08,6.997353807491890620e-08,5.226503674293780932e-08,3.880904841935262084e-08,2.864828729798318818e-08,2.102355267652455950e-08,1.533760496386094019e-08,1.112341863063193159e-08,8.020037967071402818e-09,5.748631792812375352e-09,4.099035777471726760e-09,2.910184093707357533e-09,2.076049554489145521e-09,1.508752234258281533e-09,1.170320729215745814e-09,1.023920503939734772e-09
1.170320729215745814e-09,1.332836063738795929e-09,1.711100594548042864e-09,2.346354222027002834e-09,3.282721650066378061e-09,4.618371463038783986e-09,6.471097435678530019e-09,9.020453717312193476e-09,1.250060677193687297e-08,1.722240483559289714e-08,2.358829931381478673e-08,3.211728483165643411e-08,4.347403148585726740e-08,5.850135664786648704e-08,7.826176329217560124e-08,1.040835826415786869e-07,1.376149469933807268e-07,1.808839442674070597e-07,2.363672138017136604e-07,3.070634306823194493e-07,3.965735828614924685e-07,5.091844457183469785e-07,6.499556093331193551e-07,8.248024698787048692e-07,1.040579874711511366e-06,1.305151556607597740e-06,1.627450245678119245e-06,2.017514617591587012e-06,2.486502665988155059e-06,3.046670215667290904e-06,3.711310768039766117e-06,4.494646717034811445e-06,5.411668439592176583e-06,6.477913927938061533e-06,7.709186434112780262e-06,9.121206375084511819e-06,1.072919968692076509e-05,1.254742605283354351e-05,1.458865187942137709e-05,1.686358025665413152e-05,1.938025116032804362e-05,2.214342981687877909e-05,2.515400193203731760e-05,2.840840278395262430e-05,3.189810435344497819e-05,3.560918386824596382e-05,3.952200722778798081e-05,4.361104578265440068e-05,4.784485243192193593e-05,5.218621382141463982e-05,5.659249211475980701e-05,6.101616155262945540e-05,6.540553718537012173e-05,6.970568821884626232e-05,7.385951542460134078e-05,7.780896581266460998e-05,8.149635199572458077e-05,8.486573402421981882e-05,8.786432053398129938e-05,9.044383646994447190e-05,9.256181294858834008e-05,9.418274771633150522e-05,9.527909446660487447e-05,9.583203957674868434e-05,9.583203957674868434e-05,9.527909446660487447e-05,9.418274771633150522e-05,9.256181294858834008e-05,9.044383646994447190e-05,8.786432053398129938e-05,8.486573393895469053e-05,8.149635199572458077e-05,7.780896572739948169e-05,7.385951542460134078e-05,6.970568814779198874e-05,6.540553718537012173e-05,6.101616155262945540e-05,5.659249211475980701e-05,5.218621384983634925e-05,4.784485243192193593e-05,4.361104578265440068e-05,3.952200722778798081e-05,3.560918386824596382e-05,3.189810435344497819e-05,2.840840278395262430e-05,2.515400193203731760e-05,2.214342981687877909e-05,1.938025116032804362e-05,1.686358025665413152e-05,1.458865187942137709e-05,1.254742605283354351e-05,1.072919968692076509e-05,9.121206375084511819e-06,7.709186434112780262e-06,6.477913927938061533e-06,5.411668439592176583e-06,4.494646717034811445e-06,3.711310768039766117e-06,3.046670215667290904e-06,2.486502665988155059e-06,2.017514617591587012e-06,1.627450245678119245e-06,1.305151556607597740e-06,1.040579874711511366e-06,8.248024698787048692e-07,6.499556093331193551e-07,5.091844457183469785e-07,3.965735828614924685e-07,3.070634306823194493e-07,2.363672138017136604e-07,1.808839442674070597e-07,1.376149469933807268e-07,1.040835826415786869e-07,7.826176329217560124e-08,5.850135664786648704e-08,4.347403148585726740e-08,3.211728483165643411e-08,2.358829931381478673e-08,1.722240483559289714e-08,1.250060677193687297e-08,9.020453717312193476e-09,6.471097435678530019e-09,4.618371463038783986e-09,3.282721650066378061e-09,2.346354222027002834e-09,1.711100594548042864e-09,1.332836063738795929e-09,1.170320729215745814e-09
1.508752234258281533e-09,1.711100594548042864e-09,2.188031089644937310e-09,2.991285441567015368e-09,4.178218659944832325e-09,5.872635711057228036e-09,8.221462621804676019e-09,1.145153305515123066e-08,1.585826225891651120e-08,2.183193714699882548e-08,2.987968628076487221e-08,4.065424263899330981e-08,5.498966970662877429e-08,7.394444878627837170e-08,9.885087592920172028e-08,1.313729427465659683e-07,1.735735395413939841e-07,2.279894317780417623e-07,2.977153741312577040e-07,3.864947899501203210e-07,4.988198298860879731e-07,6.400332210887427209e-07,8.164349623029920622e-07,1.035384784131565539e-06,1.305402562934432353e-06,1.636254864934016950e-06,2.039024224131935625e-06,2.526155896021009539e-06,3.111468700467412418e-06,3.810126784742351447e-06,4.638562558056946727e-06,5.614338775217220245e-06,6.755946444059190981e-06,8.082531820718941162e-06,9.613542744091319037e-06,1.136829868642053043e-05,1.336548260155723256e-05,1.562255674514290149e-05,1.815511495806276798e-05,2.097618042284921103e-05,2.409547118986665737e-05,2.751864796834979643e-05,3.124657641251360474e-05,3.527462996544272755e-05,3.959206379988700064e-05,4.418149362095391552e-05,4.901851249883293349e-05,5.407147371272458258e-05,5.930146909349787165e-05,6.466252467873800924e-05,7.010202469359683164e-05,7.556137819619834772e-05,8.097691801367545850e-05,8.628102460761510883e-05,9.140345018465723115e-05,9.627281025359479827e-05,1.008182010622249436e-04,1.049708940001892188e-04,1.086660483622381435e-04,1.118443885559372575e-04,1.144537793322797370e-04,1.164506464732539825e-04,1.178011847855486849e-04,1.184823087072572889e-04,1.184823087072572889e-04,1.178011847855486849e-04,1.164506465443082561e-04,1.144537795028099936e-04,1.118443885559372575e-04,1.086660484475032717e-04,1.049708940144000735e-04,1.008182012327552002e-04,9.627281025359479827e-05,9.140345002833782928e-05,8.628102460761510883e-05,8.097691812736229622e-05,7.556137819619834772e-05,7.010202469359683164e-05,6.466252467873800924e-05,5.930146920718470938e-05,5.407147378377885616e-05,4.901851256988720706e-05,4.418149362095391552e-05,3.959206379988700064e-05,3.527462996544272755e-05,3.124657641251360474e-05,2.751864796834979643e-05,2.409547118986665737e-05,2.097618042284921103e-05,1.815511495806276798e-05,1.562255674514290149e-05,1.336548260155723256e-05,1.136829868642053043e-05,9.613542744091319037e-06,8.082531820718941162e-06,6.755946444059190981e-06,5.614338775217220245e-06,4.638562558056946727e-06,3.810126784742351447e-06,3.111468700467412418e-06,2.526155896021009539e-06,2.039024224131935625e-06,1.636254864934016950e-06,1.305402562934432353e-06,1.035384784131565539e-06,8.164349623029920622e-07,6.400332210887427209e-07,4.988198298860879731e-07,3.864947899501203210e-07,2.977153741312577040e-07,2.279894317780417623e-07,1.735735395413939841e-07,1.313729427465659683e-07,9.885087592920172028e-08,7.394444878627837170e-08,5.498966970662877429e-08,4.065424263899330981e-08,2.987968628076487221e-08,2.183193714699882548e-08,1.585826225891651120e-08,1.145153305515123066e-08,8.221462621804676019e-09,5.872635711057228036e-09,4.178218659944832325e-09,2.991285441567015368e-09,2.188031089644937310e-09,1.711100594548042864e-09,1.508752234258281533e-09
2.076049554489145521e-09,2.346354222027002834e-09,2.991285441567015368e-09,4.080163762409938499e-09,5.692697868653340265e-09,7.995581086106540170e-09,1.118672798838815652e-08,1.557305040478240699e-08,2.155337597287143581e-08,2.965637690977018792e-08,4.056613533975905739e-08,5.516403689398430288e-08,7.457555284418049268e-08,1.002270835215313127e-07,1.339137725153705105e-07,1.778759610715496819e-07,2.348890149050930631e-07,3.083636670453415718e-07,4.024572319849539781e-07,5.221969558988348581e-07,6.736092501569146407e-07,8.638578634645455168e-07,1.101383176660419849e-06,1.396040445911239658e-06,1.759228609898855211e-06,2.204006065653629776e-06,2.745180481156239694e-06,3.399366562462091679e-06,4.185000733514243620e-06,5.122298944115755148e-06,6.233149434820006718e-06,7.540928450566752872e-06,9.070226582252871594e-06,1.084648124560771976e-05,1.289550580452214490e-05,1.524291559462653822e-05,1.791344791968185746e-05,2.093018798632328981e-05,2.431370661781784293e-05,2.808113046626203868e-05,3.224516694899648428e-05,3.681311017089683446e-05,4.178586812031426234e-05,4.715704065461068240e-05,5.291209708957467228e-05,5.902769342469582625e-05,6.547117004629399162e-05,7.220027553955787880e-05,7.916314361011700385e-05,8.629856053232742852e-05,9.353653716459575662e-05,1.007991940582542156e-04,1.080019606831683632e-04,1.150550668853611569e-04,1.218652964638522462e-04,1.283379662879724492e-04,1.343790638657083036e-04,1.398974883954906545e-04,1.448073170706720703e-04,1.490300187754201033e-04,1.524965354064988787e-04,1.551491572513441497e-04,1.569431188244152509e-04,1.578478520514181582e-04,1.578478520514181582e-04,1.569431188954695244e-04,1.551491574645069704e-04,1.524965354633422976e-04,1.490300188322635222e-04,1.448073171275154891e-04,1.398974885233883469e-04,1.343790639793951414e-04,1.283379662879724492e-04,1.218652967054367764e-04,1.150550669137828663e-04,1.080019607968552009e-04,1.007991942429953269e-04,9.353653727828259434e-05,8.629856064601426624e-05,7.916314368117127742e-05,7.220027565324471652e-05,6.547117015998082934e-05,5.902769355259351869e-05,5.291209708957467228e-05,4.715704082514093898e-05,4.178586820557939063e-05,3.681311031300538161e-05,3.224516694899648428e-05,2.808113046626203868e-05,2.431370661781784293e-05,2.093018798632328981e-05,1.791344791968185746e-05,1.524291559462653822e-05,1.289550580452214490e-05,1.084648124560771976e-05,9.070226582252871594e-06,7.540928450566752872e-06,6.233149434820006718e-06,5.122298944115755148e-06,4.185000733514243620e-06,3.399366562462091679e-06,2.745180481156239694e-06,2.204006065653629776e-06,1.759228609898855211e-06,1.396040445911239658e-06,1.101383176660419849e-06,8.638578634645455168e-07,6.736092501569146407e-07,5.221969558988348581e-07,4.024572319849539781e-07,3.083636670453415718e-07,2.348890149050930631e-07,1.778759610715496819e-07,1.339137725153705105e-07,1.002270835215313127e-07,7.457555284418049268e-08,5.516403689398430288e-08,4.056613533975905739e-08,2.965637690977018792e-08,2.155337597287143581e-08,1.557305040478240699e-08,1.118672798838815652e-08,7.995581086106540170e-09,5.692697868653340265e-09,4.080163762409938499e-09,2.991285441567015368e-09,2.346354222027002834e-09,2.076049554489145521e-09
2.910184093707357533e-09,3.282721650066378061e-09,4.178218659944832325e-09,5.692697868653340265e-09,7.937288160064781550e-09,1.114369752031052485e-08,1.558613860197510803e-08,2.169066704027500236e-08,3.001147774739365559e-08,4.128162345296004787e-08,5.645107137297600275e-08,7.674232449517148780e-08,1.037158767758228350e-07,1.393494244439352769e-07,1.861302365568917594e-07,2.471613811394490767e-07,3.262858569996751612e-07,4.282251921949864482e-07,5.587308464782836381e-07,7.247557505252189003e-07,9.346321689918113407e-07,1.198260406454210170e-06,1.527300923953589518e-06,1.935362931249073881e-06,2.438182420405610173e-06,3.053777390960021876e-06,3.802572535960280220e-06,4.707475497411905963e-06,5.793894644057218102e-06,7.089679399996384745e-06,8.624969922266245703e-06,1.043193910277295799e-05,1.254441691855845420e-05,1.499737894050667819e-05,1.782629898627874354e-05,2.106635486143204616e-05,2.475149433678325295e-05,2.891336967536517477e-05,3.358015071341924340e-05,3.877524945039567683e-05,4.451597925481109996e-05,5.081219477176546206e-05,5.766495499415213999e-05,6.506526409566504299e-05,7.299294514950815937e-05,8.141570859265812032e-05,9.028846932324086083e-05,9.955297228714243829e-05,1.091377695132678127e-04,1.189585915142288286e-04,1.289191397120248439e-04,1.389123063120223378e-04,1.488218232168492250e-04,1.585243118853441047e-04,1.678916948151254473e-04,1.767939064905021951e-04,1.851018311924690352e-04,1.926903736944041157e-04,1.994415671333626960e-04,2.052476054927865334e-04,2.100136991032286460e-04,2.136606416343056480e-04,2.161269952125621785e-04,2.173708105885907571e-04,2.173708107164884495e-04,2.161269952125621785e-04,2.136606418332576141e-04,2.100136993306023214e-04,2.052476057912144825e-04,1.994415674460014998e-04,1.926903740070429194e-04,1.851018315477404030e-04,1.767939068599844177e-04,1.678916952130293794e-04,1.585243122264046178e-04,1.488218236431748664e-04,1.389123066815045604e-04,1.289191400104527929e-04,1.189585918126567776e-04,1.091377696695872146e-04,9.955297245767269487e-05,9.028846949377111741e-05,8.141570859265812032e-05,7.299294532003841596e-05,6.506526420935188071e-05,5.766495519310410600e-05,5.081219484281973564e-05,4.451597925481109996e-05,3.877524945039567683e-05,3.358015071341924340e-05,2.891336973220859363e-05,2.475149435099410766e-05,2.106635486143204616e-05,1.782629898627874354e-05,1.499737894050667819e-05,1.254441691855845420e-05,1.043193913119466743e-05,8.624969922266245703e-06,7.089679399996384745e-06,5.793894644057218102e-06,4.707475497411905963e-06,3.802572535960280220e-06,3.053777390960021876e-06,2.438182420405610173e-06,1.935362931249073881e-06,1.527300923953589518e-06,1.198260406454210170e-06,9.346321689918113407e-07,7.247557505252189003e-07,5.587308464782836381e-07,4.282251921949864482e-07,3.262858569996751612e-07,2.471613811394490767e-07,1.861302365568917594e-07,1.393494244439352769e-07,1.037158767758228350e-07,7.674232449517148780e-08,5.645107137297600275e-08,4.128162345296004787e-08,3.001147774739365559e-08,2.169066704027500236e-08,1.558613860197510803e-08,1.114369752031052485e-08,7.937288160064781550e-09,5.692697868653340265e-09,4.178218659944832325e-09,3.282721650066378061e-09,2.910184093707357533e-09
4.099035777471726760e-09,4.618371463038783986e-09,5.872635711057228036e-09,7.995581086106540170e-09,1.114369752031052485e-08,1.564136198339838302e-08,2.187252334806544241e-08,3.043354013243515510e-08,4.210006920857267687e-08,5.789965484837011900e-08,7.916139566077617928e-08,1.075964917163219070e-07,1.453887961133659701e-07,1.953051196323940530e-07,2.608242084534140304e-07,3.462861002390127396e-07,4.570637059941873304e-07,5.997553245151721057e-07,7.824002778988869977e-07,1.014711926927702734e-06,1.308329032667643332e-06,1.677077335671128822e-06,2.137237231636390788e-06,2.707805293766796240e-06,3.410740504250497906e-06,4.271182206139201298e-06,5.317618928302181303e-06,6.581996373711263004e-06,8.099736817257507937e-06,9.909656256468224456e-06,1.205375301083222439e-05,1.457684516026347410e-05,1.752604435978355468e-05,2.095004428781521710e-05,2.489821298468086752e-05,2.941948952184247901e-05,3.456108028387916420e-05,4.036697418996482156e-05,4.687629287047911930e-05,5.412151293171518773e-05,6.212660454707474855e-05,7.090513869911774236e-05,8.045842986348361592e-05,9.077378732058605237e-05,1.018229545763915667e-04,1.135608155493628146e-04,1.259244523907909752e-04,1.388326273286111245e-04,1.521857589921182807e-04,1.658664434955881006e-04,1.797405594174961152e-04,1.936589710993530389e-04,2.074598244519165746e-04,2.209714001821794227e-04,2.340154670150695893e-04,2.464110548459075289e-04,2.579785362115671887e-04,2.685438963254682676e-04,2.779430510599922854e-04,2.860260622128407704e-04,2.926611020797054152e-04,2.977380214304048422e-04,3.011713855158859587e-04,3.029028610228579055e-04,3.029028610228579055e-04,3.011713858853681813e-04,2.977380218140979196e-04,2.926611025486636208e-04,2.860260628523292326e-04,2.779430518558001495e-04,2.685438968939024562e-04,2.579785368652665056e-04,2.464110556275045383e-04,2.340154677256123250e-04,2.209714008216678849e-04,2.074598250914050368e-04,1.936589716251546633e-04,1.797405597869783378e-04,1.658664439645463062e-04,1.521857594752873410e-04,1.388326277265150566e-04,1.259244526323755053e-04,1.135608157483147806e-04,1.018229547185001138e-04,9.077378744848374481e-05,8.045843000559216307e-05,7.090513889806970838e-05,6.212660466076158627e-05,5.412151304540202545e-05,4.687629287047911930e-05,4.036697418996482156e-05,3.456108036914429249e-05,2.941948960710760730e-05,2.489821298468086752e-05,2.095004428781521710e-05,1.752604435978355468e-05,1.457684516026347410e-05,1.205375301083222439e-05,9.909656256468224456e-06,8.099736817257507937e-06,6.581996373711263004e-06,5.317618928302181303e-06,4.271182206139201298e-06,3.410740504250497906e-06,2.707805293766796240e-06,2.137237231636390788e-06,1.677077335671128822e-06,1.308329032667643332e-06,1.014711926927702734e-06,7.824002778988869977e-07,5.997553245151721057e-07,4.570637059941873304e-07,3.462861002390127396e-07,2.608242084534140304e-07,1.953051196323940530e-07,1.453887961133659701e-07,1.075964917163219070e-07,7.916139566077617928e-08,5.789965484837011900e-08,4.210006920857267687e-08,3.043354013243515510e-08,2.187252334806544241e-08,1.564136198339838302e-08,1.114369752031052485e-08,7.995581086106540170e-09,5.872635711057228036e-09,4.618371463038783986e-09,4.099035777471726760e-09
5.748631792812375352e-09,6.471097435678530019e-09,8.221462621804676019e-09,1.118672798838815652e-08,1.558613860197510803e-08,2.187252334806544241e-08,3.058012509882246377e-08,4.254276575466064969e-08,5.884272979983506957e-08,8.091265613074938301e-08,1.106081839452599525e-07,1.503160547144943848e-07,2.030820667187072104e-07,2.727648507061530836e-07,3.642139176918135490e-07,4.834791980101726949e-07,6.380486752277647611e-07,8.371165023390858551e-07,1.091882282366896106e-06,1.415875146903999848e-06,1.825302518909666105e-06,2.339414507446235802e-06,2.980872551461288822e-06,3.776114994025192573e-06,4.755696821234778326e-06,5.954590065471165872e-06,7.412418909780171816e-06,9.173604894385789521e-06,1.128739511102594406e-05,1.380774192227818276e-05,1.679300672208228207e-05,2.030545596198862768e-05,2.441052492940798402e-05,2.917582764894177672e-05,3.466989571165868256e-05,4.096064110115094081e-05,4.811354695277714200e-05,5.618960319964116934e-05,6.524301619492689497e-05,7.531874341282218666e-05,8.644990782613604097e-05,9.865517483831354184e-05,1.119361779728933470e-04,1.262750962212066952e-04,1.416324925287426595e-04,1.579455251885519829e-04,1.751266460701117467e-04,1.930628892097274729e-04,2.116158428009384807e-04,2.306223806840534962e-04,2.498961993495640854e-04,2.692301881381808926e-04,2.883996157123647208e-04,3.071660929094832682e-04,3.252822261288201844e-04,3.424968508340953122e-04,3.585606919926931369e-04,3.732322878704508184e-04,3.862839729009692746e-04,3.975077229227963471e-04,4.067206518811872229e-04,4.137699549318085701e-04,4.185371163316631282e-04,4.209412176408022788e-04,4.209412178113325353e-04,4.185371167437779150e-04,4.137699555855078870e-04,4.067206527338385058e-04,3.975077237043933565e-04,3.862839738815182500e-04,3.732322890783734692e-04,3.585606933143026254e-04,3.424968518572768517e-04,3.252822275499056559e-04,3.071660941458276284e-04,2.883996167639679697e-04,2.692301892466275604e-04,2.498962003016913513e-04,2.306223815651264886e-04,2.116158436820114730e-04,1.930628899913244823e-04,1.751266466811784994e-04,1.579455257143536073e-04,1.416324930687551387e-04,1.262750966759540461e-04,1.119361781150018942e-04,9.865517506568721728e-05,8.644990796824458812e-05,7.531874355493073381e-05,6.524301628019202326e-05,5.618960319964116934e-05,4.811354705225312500e-05,4.096064110115094081e-05,3.466989571165868256e-05,2.917582776262861444e-05,2.441052492940798402e-05,2.030545599041033711e-05,1.679300672208228207e-05,1.380774200754331105e-05,1.128739511102594406e-05,9.173604894385789521e-06,7.412418909780171816e-06,5.954590065471165872e-06,4.755696821234778326e-06,3.776114994025192573e-06,2.980872551461288822e-06,2.339414507446235802e-06,1.825302518909666105e-06,1.415875146903999848e-06,1.091882282366896106e-06,8.371165023390858551e-07,6.380486752277647611e-07,4.834791980101726949e-07,3.642139176918135490e-07,2.727648507061530836e-07,2.030820667187072104e-07,1.503160547144943848e-07,1.106081839452599525e-07,8.091265613074938301e-08,5.884272979983506957e-08,4.254276575466064969e-08,3.058012509882246377e-08,2.187252334806544241e-08,1.558613860197510803e-08,1.118672798838815652e-08,8.221462621804676019e-09,6.471097435678530019e-09,5.748631792812375352e-09
8.020037967071402818e-09,9.020453717312193476e-09,1.145153305515123066e-08,1.557305040478240699e-08,2.169066704027500236e-08,3.043354013243515510e-08,4.254276575466064969e-08,5.917684120504418388e-08,8.183788224869203987e-08,1.125161332993229735e-07,1.537882923230426968e-07,2.089679895789231523e-07,2.822829401338822208e-07,3.790876803577702958e-07,5.061120589289203053e-07,6.717485945273438119e-07,8.863838303341253777e-07,1.162768370477351709e-06,1.516431225923042803e-06,1.966127584296373243e-06,2.534321964731134358e-06,3.247690713692463760e-06,4.137632572565053124e-06,5.240770974523911718e-06,6.599425205422448926e-06,8.262021850669043488e-06,1.028341947062472173e-05,1.272510598937515169e-05,1.565523447766281606e-05,1.914845506689744070e-05,2.328549956587266934e-05,2.815248326726305095e-05,3.383988291716377717e-05,4.044116329282587685e-05,4.805103088756368379e-05,5.676330845005850279e-05,6.666842796221317258e-05,7.785057940168371715e-05,9.038454365395409695e-05,1.043322857725570429e-04,1.197393842460314772e-04,1.366314099016108230e-04,1.550103723815254853e-04,1.748513788868422125e-04,1.960996541754411737e-04,2.186680779203697966e-04,2.424353937726664299e-04,2.672452348235765385e-04,2.929060952965301112e-04,3.191923464385126863e-04,3.458463700241054539e-04,3.725818358475407877e-04,3.990881103277388320e-04,4.250357313964059358e-04,4.500828390234801191e-04,4.738824014367537529e-04,4.960900338062401715e-04,5.163721735073067975e-04,5.344143403931411740e-04,5.499292046522441524e-04,5.626641695783973773e-04,5.724081962625859887e-04,5.789976074055402933e-04,5.823206521711199457e-04,5.823206523558610570e-04,5.789976082439807215e-04,5.724081975415629131e-04,5.626641711842239602e-04,5.499292063291250088e-04,5.344143424679259624e-04,5.163721756957784237e-04,4.960900361510311996e-04,4.738824036962796526e-04,4.500828411551083263e-04,4.250357335422449978e-04,3.990881123172584921e-04,3.725818377517953195e-04,3.458463718288840028e-04,3.191923481011826880e-04,2.929060967744590016e-04,2.672452359178123515e-04,2.424353949237456618e-04,2.186680787303885154e-04,1.960996547438753623e-04,1.748513793131678540e-04,1.550103728504836909e-04,1.366314103847798833e-04,1.197393845586702810e-04,1.043322859572981542e-04,9.038454373921922524e-05,7.785057940168371715e-05,6.666842796221317258e-05,5.676330852111277636e-05,4.805103101546137623e-05,4.044116332124758628e-05,3.383988294558548660e-05,2.815248326726305095e-05,2.328549956587266934e-05,1.914845506689744070e-05,1.565523447766281606e-05,1.272510598937515169e-05,1.028341947062472173e-05,8.262021850669043488e-06,6.599425205422448926e-06,5.240770974523911718e-06,4.137632572565053124e-06,3.247690713692463760e-06,2.534321964731134358e-06,1.966127584296373243e-06,1.516431225923042803e-06,1.162768370477351709e-06,8.863838303341253777e-07,6.717485945273438119e-07,5.061120589289203053e-07,3.790876803577702958e-07,2.822829401338822208e-07,2.089679895789231523e-07,1.537882923230426968e-07,1.125161332993229735e-07,8.183788224869203987e-08,5.917684120504418388e-08,4.254276575466064969e-08,3.043354013243515510e-08,2.169066704027500236e-08,1.557305040478240699e-08,1.145153305515123066e-08,9.020453717312193476e-09,8.020037967071402818e-09
1.112341863063193159e-08,1.250060677193687297e-08,1.585826225891651120e-08,2.155337597287143581e-08,3.001147774739365559e-08,4.210006920857267687e-08,5.884272979983506957e-08,8.183788224869203987e-08,1.131602118675800739e-07,1.555586806034625624e-07,2.125890432580490597e-07,2.888254755362140713e-07,3.901029117514553946e-07,5.238092199988386710e-07,6.992284937723525218e-07,9.279368669012910686e-07,1.224257758281055430e-06,1.605772155244267196e-06,2.093886564580316190e-06,2.714452236318720679e-06,3.498426380588171014e-06,4.482562900420816732e-06,5.710114422186052252e-06,7.231521806261298480e-06,9.105058296654533478e-06,1.139739507038939337e-05,1.418404335140621697e-05,1.754962229938428209e-05,2.158790495343509974e-05,2.640158146505200421e-05,3.210168527800760785e-05,3.880662649180521839e-05,4.664078223015621916e-05,5.573260511937405681e-05,6.621221884017813863e-05,7.820848981054950855e-05,9.184558477670634602e-05,1.072390443681570105e-04,1.244914362530380458e-04,1.436876713967194519e-04,1.648901027238025563e-04,1.881335536921824314e-04,2.134204433446029725e-04,2.407162044448796223e-04,2.699451979282230241e-04,3.009873422712416868e-04,3.336756638248061790e-04,3.677949717513229189e-04,4.030818291482773930e-04,4.392259607186588255e-04,4.758731925846859667e-04,5.126299623867680566e-04,5.490693796872392340e-04,5.847387493531641667e-04,6.191684036167544036e-04,6.518816251173120691e-04,6.824053810703389900e-04,7.102815427941777671e-04,7.350782234425423667e-04,7.564008472371597236e-04,7.739025554087675118e-04,7.872935661907831673e-04,7.963491391649313300e-04,8.009158359527646098e-04,8.009158362654034136e-04,7.963491407849687675e-04,7.872935684076765028e-04,7.739025582651493096e-04,7.564008503067043421e-04,7.350782269099909172e-04,7.102815466737411043e-04,6.824053850778000196e-04,6.518816292810925006e-04,6.191684075673720145e-04,5.847387530764081021e-04,5.490693833110071864e-04,5.126299659394817354e-04,4.758731959242368248e-04,4.392259635608297685e-04,4.030818316351769681e-04,3.677949738687402714e-04,3.336756657432715656e-04,3.009873438202248508e-04,2.699451992214108031e-04,2.407162055959588542e-04,2.134204444246279309e-04,1.881335544027251672e-04,1.648901033348693090e-04,1.436876718088342386e-04,1.244914365372551401e-04,1.072390446381632501e-04,9.184558511776685918e-05,7.820848992423634627e-05,6.621221896807583107e-05,5.573260519042833039e-05,4.664078231542134745e-05,3.880662650601607311e-05,3.210168529221846256e-05,2.640158152189542307e-05,2.158790505291108275e-05,1.754962229938428209e-05,1.418404335140621697e-05,1.139739507038939337e-05,9.105058296654533478e-06,7.231521806261298480e-06,5.710114422186052252e-06,4.482562900420816732e-06,3.498426380588171014e-06,2.714452236318720679e-06,2.093886564580316190e-06,1.605772155244267196e-06,1.224257758281055430e-06,9.279368669012910686e-07,6.992284937723525218e-07,5.238092199988386710e-07,3.901029117514553946e-07,2.888254755362140713e-07,2.125890432580490597e-07,1.555586806034625624e-07,1.131602118675800739e-07,8.183788224869203987e-08,5.884272979983506957e-08,4.210006920857267687e-08,3.001147774739365559e-08,2.155337597287143581e-08,1.585826225891651120e-08,1.250060677193687297e-08,1.112341863063193159e-08
1.533760496386094019e-08,1.722240483559289714e-08,2.183193714699882548e-08,2.965637690977018792e-08,4.128162345296004787e-08,5.789965484837011900e-08,8.091265613074938301e-08,1.125161332993229735e-07,1.555586806034625624e-07,2.138123846862072241e-07,2.921586457205194165e-07,3.968737587456416804e-07,5.359629540180321783e-07,7.195614841748465551e-07,9.604015502873153309e-07,1.274358083946935949e-06,1.681067629988319823e-06,2.204630476398961036e-06,2.874384279039077228e-06,3.725752080185884552e-06,4.801145436772458197e-06,6.150907779556291644e-06,7.834273546336589789e-06,9.920307547872653231e-06,1.248878467663416814e-05,1.563095776191403274e-05,1.945015822002460482e-05,2.406215881478601659e-05,2.959522917933554709e-05,3.618980763064882922e-05,4.399770880070263956e-05,5.318079627159022493e-05,6.390905119246781396e-05,7.635797820171319472e-05,9.070531527299863228e-05,1.071270269505930628e-04,1.257925975295393073e-04,1.468596649090159190e-04,1.704680808245484513e-04,1.967335142296633421e-04,2.257407626302665449e-04,2.575369644546299241e-04,2.921249527219060838e-04,3.294570060461410321e-04,3.694292850866531808e-04,4.118772414614113586e-04,4.565722909717351286e-04,5.032200182029100688e-04,5.514601554921227944e-04,6.008685198253260751e-04,6.509610397813503369e-04,7.011999257571233102e-04,7.510019535459377948e-04,7.997487406044001546e-04,8.467988066342968523e-04,8.915011187156096639e-04,9.332097427403596157e-04,9.712991508479262848e-04,1.005179691219382221e-03,1.034312686741145626e-03,1.058224629858273147e-03,1.076519946906273617e-03,1.088891861343199707e-03,1.095130929982701673e-03,1.095130930934828939e-03,1.088891863972207830e-03,1.076519950956367211e-03,1.058224634959969990e-03,1.034312692894445718e-03,1.005179697614266843e-03,9.712991578822993688e-04,9.332097498315761186e-04,8.915011260057781328e-04,8.467988137397242099e-04,7.997487474824538367e-04,7.510019601966178016e-04,7.011999320241102396e-04,6.509610453235836758e-04,6.008685248275469348e-04,5.514601599543311750e-04,5.032200220966842608e-04,4.565722941549665848e-04,4.118772443320040111e-04,3.694292874314442088e-04,3.294570079788172734e-04,2.921249540861481364e-04,2.575369656767634297e-04,2.257407635966046655e-04,1.967335149970494967e-04,1.704680812508740928e-04,1.468596652500764321e-04,1.257925976858587092e-04,1.071270271353341741e-04,9.070531547195059829e-05,7.635797837224345130e-05,6.390905130615465168e-05,5.318079635685535322e-05,4.399770880070263956e-05,3.618980763064882922e-05,2.959522917933554709e-05,2.406215881478601659e-05,1.945015822002460482e-05,1.563095776191403274e-05,1.248878467663416814e-05,9.920307547872653231e-06,7.834273546336589789e-06,6.150907779556291644e-06,4.801145436772458197e-06,3.725752080185884552e-06,2.874384279039077228e-06,2.204630476398961036e-06,1.681067629988319823e-06,1.274358083946935949e-06,9.604015502873153309e-07,7.195614841748465551e-07,5.359629540180321783e-07,3.968737587456416804e-07,2.921586457205194165e-07,2.138123846862072241e-07,1.555586806034625624e-07,1.125161332993229735e-07,8.091265613074938301e-08,5.789965484837011900e-08,4.128162345296004787e-08,2.965637690977018792e-08,2.183193714699882548e-08,1.722240483559289714e-08,1.533760496386094019e-08
2.102355267652455950e-08,2.358829931381478673e-08,2.987968628076487221e-08,4.056613533975905739e-08,5.645107137297600275e-08,7.916139566077617928e-08,1.106081839452599525e-07,1.537882923230426968e-07,2.125890432580490597e-07,2.921586457205194165e-07,3.991565620253822999e-07,5.421454005727355252e-07,7.320438726310385391e-07,9.826731286466383608e-07,1.311393631908686075e-06,1.739845771453474299e-06,2.294794541057854076e-06,3.009080529636776191e-06,3.922676057754870271e-06,5.083834949459742347e-06,6.550319454845521250e-06,8.390682637582358439e-06,1.068556936445475003e-05,1.352898917161837744e-05,1.702950888216037129e-05,2.131129195959147182e-05,2.651490859761906904e-05,3.279782222875837761e-05,4.033445624429532472e-05,4.931574153488327283e-05,5.994802963016354624e-05,7.245128104216291831e-05,8.705643048756428470e-05,1.040018549360866018e-04,1.235288963812308793e-04,1.458764124180333965e-04,1.712743762283253091e-04,1.999365884159942652e-04,2.320526065489048051e-04,2.677790646998801094e-04,3.072305923126350535e-04,3.504706105843524711e-04,3.975023171705061031e-04,4.482602211766106848e-04,5.026026039871567264e-04,5.603053093068410817e-04,6.210572483666965127e-04,6.844579864377919876e-04,7.500177351005277160e-04,8.171600021569247474e-04,8.852270791521732463e-04,9.534884298147972004e-04,1.021151944286202706e-03,1.087377896269003941e-03,1.151295313292166611e-03,1.212020357456822239e-03,1.268676203125096436e-03,1.320413801948916444e-03,1.366432861672706167e-03,1.406002324088717614e-03,1.438479606932219212e-03,1.463327915331547047e-03,1.480130965447301605e-03,1.488604557863482114e-03,1.488604559597206389e-03,1.480130970080040242e-03,1.463327922465396114e-03,1.438479615842425119e-03,1.406002334277900445e-03,1.366432873311396179e-03,1.320413814113408080e-03,1.268676215730124568e-03,1.212020370189748064e-03,1.151295325925616453e-03,1.087377908575604124e-03,1.021151956081212120e-03,9.534884406150467839e-04,8.852270890429281280e-04,8.171600110102872350e-04,7.500177428170218263e-04,6.844579933726890886e-04,6.210572542215686553e-04,5.603053143943270697e-04,5.026026079235634825e-04,4.482602244024747051e-04,3.975023199558336273e-04,3.504706128580892255e-04,3.072305939184616363e-04,2.677790660357004526e-04,2.320526075152429257e-04,1.999365891265370010e-04,1.712743768962354807e-04,1.458764127448830550e-04,1.235288966938696831e-04,1.040018550781951490e-04,8.705643057282941299e-05,7.245128104216291831e-05,5.994802972963952925e-05,4.931574153488327283e-05,4.033445624429532472e-05,3.279782225718008704e-05,2.651490859761906904e-05,2.131129195959147182e-05,1.702950888216037129e-05,1.352898917161837744e-05,1.068556936445475003e-05,8.390682637582358439e-06,6.550319454845521250e-06,5.083834949459742347e-06,3.922676057754870271e-06,3.009080529636776191e-06,2.294794541057854076e-06,1.739845771453474299e-06,1.311393631908686075e-06,9.826731286466383608e-07,7.320438726310385391e-07,5.421454005727355252e-07,3.991565620253822999e-07,2.921586457205194165e-07,2.125890432580490597e-07,1.537882923230426968e-07,1.106081839452599525e-07,7.916139566077617928e-08,5.645107137297600275e-08,4.056613533975905739e-08,2.987968628076487221e-08,2.358829931381478673e-08,2.102355267652455950e-08
2.864828729798318818e-08,3.211728483165643411e-08,4.065424263899330981e-08,5.516403689398430288e-08,7.674232449517148780e-08,1.075964917163219070e-07,1.503160547144943848e-07,2.089679895789231523e-07,2.888254755362140713e-07,3.968737587456416804e-07,5.421454005727355252e-07,7.362529430565700750e-07,9.940020788690162590e-07,1.334129507313264185e-06,1.780167693254952610e-06,2.361443620202408056e-06,3.114223261491133599e-06,4.082996568399721582e-06,5.321904751554029644e-06,6.896293939462339040e-06,8.884372519446515071e-06,1.137894135183614708e-05,1.448914797208544769e-05,1.834220562102473195e-05,2.308499634295912983e-05,2.888547096802085434e-05,3.593373328669713374e-05,4.444269029590941500e-05,5.464813212086028216e-05,6.680810761849897972e-05,8.120144528334094502e-05,9.812529407327019726e-05,1.178915504169708584e-04,1.408220793450709607e-04,1.672426535606064135e-04,1.974755882088174985e-04,2.318310914404264622e-04,2.705974193446536447e-04,3.140299819222036604e-04,3.623396243597198918e-04,4.156803793478047737e-04,4.741370545104928169e-04,5.377130812433961182e-04,6.063191092664510506e-04,6.797628586525661376e-04,7.577407659624668668e-04,8.398319473030824156e-04,9.254949739840867551e-04,1.014067891432546276e-03,1.104771826518913258e-03,1.196718412728614567e-03,1.288921134843690197e-03,1.380310527565598022e-03,1.469753017659058969e-03,1.556073014569392399e-03,1.638077705166551823e-03,1.714583864526275647e-03,1.784445853957095096e-03,1.846583907720855677e-03,1.900011734221607185e-03,1.943862457636669205e-03,1.977411944906748431e-03,2.000098651009807327e-03,2.011539216127289365e-03,2.011539219054725436e-03,2.000098659252103062e-03,1.977411957099661777e-03,1.943862472913338024e-03,1.900011752013597288e-03,1.846583927445522022e-03,1.784445875074425203e-03,1.714583886410991909e-03,1.638077727477593726e-03,1.556073036425686951e-03,1.469753039074817025e-03,1.380310547602903171e-03,1.288921153445699019e-03,1.196718429909537917e-03,1.104771841838214641e-03,1.014067905202864495e-03,9.254949856085659121e-04,8.398319570801504597e-04,7.577407742047626016e-04,6.797628656727283669e-04,6.063191150929014839e-04,5.377130858903456101e-04,4.741370582621584617e-04,4.156803821615540073e-04,3.623396266192457915e-04,3.140299836275062262e-04,2.705974205667871502e-04,2.318310922930777451e-04,1.974755888056733966e-04,1.672426540721971833e-04,1.408220798140291663e-04,1.178915507296096621e-04,9.812529417274618027e-05,8.120144535439521860e-05,6.680810768955325329e-05,5.464813212086028216e-05,4.444269029590941500e-05,3.593373328669713374e-05,2.888547096802085434e-05,2.308499634295912983e-05,1.834220562102473195e-05,1.448914797208544769e-05,1.137894135183614708e-05,8.884372519446515071e-06,6.896293939462339040e-06,5.321904751554029644e-06,4.082996568399721582e-06,3.114223261491133599e-06,2.361443620202408056e-06,1.780167693254952610e-06,1.334129507313264185e-06,9.940020788690162590e-07,7.362529430565700750e-07,5.421454005727355252e-07,3.968737587456416804e-07,2.888254755362140713e-07,2.089679895789231523e-07,1.503160547144943848e-07,1.075964917163219070e-07,7.674232449517148780e-08,5.516403689398430288e-08,4.065424263899330981e-08,3.211728483165643411e-08,2.864828729798318818e-08
