9.169198733616212849e-09,1.035226659951149486e-08,1.280083949950494571e-08,1.674997918144072173e-08,2.258320819237269461e-08,3.083211197463242570e-08,4.221382710056786891e-08,5.769797439825197216e-08,7.851556915738910902e-08,1.063000212297993130e-07,1.431175462585088098e-07,1.916047693839573185e-07,2.550671922563196858e-07,3.376278954192457604e-07,4.443837440248898929e-07,5.815902426320462837e-07,7.568639972532764659e-07,9.794072468594094971e-07,1.260249263168589096e-06,1.612501648651232244e-06,2.051622757903714955e-06,2.595681849015818443e-06,3.265616641101587447e-06,4.085469157644183724e-06,5.082587378524294763e-06,6.287777623015244899e-06,7.735389800700431806e-06,9.463314739832640043e-06,1.151287401057743409e-05,1.392858564486232353e-05,1.675777934906363953e-05,2.005005356409128581e-05,2.385655133707587083e-05,2.822905160826394422e-05,3.321887005824919470e-05,3.887557362247662240e-05,4.524551965801038023e-05,5.237024134885359672e-05,6.028471020158576721e-05,6.901551648752501933e-05,7.857901492513974517e-05,8.897949848574171483e-05,1.002074646407891123e-04,1.122380422629021268e-04,1.250296616888135759e-04,1.385230311399254788e-04,1.526404995502161910e-04,1.672858648902320056e-04,1.823446783362214774e-04,1.976850903702143114e-04,2.131592532350623515e-04,2.286052841782293399e-04,2.438497738808109716e-04,2.587107878326833088e-04,2.730013146106102795e-04,2.865330532841880995e-04,2.991204601698882470e-04,3.105849190205844934e-04,3.207589164446744689e-04,3.294900805030920310e-04,3.366449547002048348e-04,3.421123717828322697e-04,3.458063097241392825e-04,3.476681339549259064e-04,3.476681340259801800e-04,3.458063098946695391e-04,3.421123721949470564e-04,3.366449551691630404e-04,3.294900811567913479e-04,3.207589170841629311e-04,3.105849198306032122e-04,2.991204607383224356e-04,2.865330541510502371e-04,2.730013156195809643e-04,2.587107888416539936e-04,2.438497744208234508e-04,2.286052848461395115e-04,2.131592537750748306e-04,1.976850908960159359e-04,1.823446787341254094e-04,1.672858652455033734e-04,1.526404997491681570e-04,1.385230313815100089e-04,1.250296619446089608e-04,1.122380424760649476e-04,1.002074648681627878e-04,8.897949865627197141e-05,7.857901509567000176e-05,6.901551670068784006e-05,6.028471037211602379e-05,5.237024151938385330e-05,4.524551977169721795e-05,3.887557362247662240e-05,3.321887014351432299e-05,2.822905160826394422e-05,2.385655133707587083e-05,2.005005356409128581e-05,1.675777934906363953e-05,1.392858564486232353e-05,1.151287401057743409e-05,9.463314796676058904e-06,7.735389800700431806e-06,6.287777623015244899e-06,5.082587378524294763e-06,4.085469157644183724e-06,3.265616641101587447e-06,2.595681849015818443e-06,2.051622757903714955e-06,1.612501648651232244e-06,1.260249263168589096e-06,9.794072468594094971e-07,7.568639972532764659e-07,5.815902426320462837e-07,4.443837440248898929e-07,3.376278954192457604e-07,2.550671922563196858e-07,1.916047693839573185e-07,1.431175462585088098e-07,1.063000212297993130e-07,7.851556915738910902e-08,5.769797439825197216e-08,4.221382710056786891e-08,3.083211197463242570e-08,2.258320819237269461e-08,1.674997918144072173e-08,1.280083949950494571e-08,1.035226659951149486e-08,9.169198733616212849e-09
1.035226659951149486e-08,1.168203311863180716e-08,1.443642361209640512e-08,1.887937628453073557e-08,2.544017263517162064e-08,3.471515697128779721e-08,4.751018423121422529e-08,6.491261217433930142e-08,8.830254216718458338e-08,1.195104744056152413e-07,1.608512150141905295e-07,2.152773959096521139e-07,2.864890831233424251e-07,3.791006122355611296e-07,4.988126534044567961e-07,6.526202867007668829e-07,8.490369083347104606e-07,1.098343076932906115e-06,1.412857187688132399e-06,1.807216023053115350e-06,2.298669741662706656e-06,2.907374224037084787e-06,3.656674692820160999e-06,4.573366481963603292e-06,5.687915717089708778e-06,7.034629177837814495e-06,8.651740756704384694e-06,1.058140647103300580e-05,1.286957970592084166e-05,1.556574450489733863e-05,1.872248326151293440e-05,2.239487008637297549e-05,2.663966297689057683e-05,3.151428914804910164e-05,3.707562271415554278e-05,4.337855571634463558e-05,5.047437319660730282e-05,5.840896436382081447e-05,6.722089480604154232e-05,7.693938860597882012e-05,8.758227994576373021e-05,9.915399195392637921e-05,1.116436195900405437e-04,1.250231988194627775e-04,1.392462377651781935e-04,1.542465974040396759e-04,1.699377932595780294e-04,1.862127957679149404e-04,2.029443799642649537e-04,2.199860725511371129e-04,2.371737114685856795e-04,2.543276357585000369e-04,2.712554612145368083e-04,2.877554168776441657e-04,3.036201566999352508e-04,3.186409619644336999e-04,3.326122131426245687e-04,3.453360073706335243e-04,3.566267732253436407e-04,3.663157378639425588e-04,3.742550966592261830e-04,3.803217422131410785e-04,3.844204213123703084e-04,3.864862087255005463e-04,3.864862089812959312e-04,3.844204221081781725e-04,3.803217435773831312e-04,3.742550984640047318e-04,3.663157398250405095e-04,3.566267754138152668e-04,3.453360097296354070e-04,3.326122157716326910e-04,3.186409645081766939e-04,3.036201590589371335e-04,2.877554191798026295e-04,2.712554635024844174e-04,2.543276378901282442e-04,2.371737134581053397e-04,2.199860741427528410e-04,2.029443817548326479e-04,1.862127970611027195e-04,1.699377943538138425e-04,1.542465982993235230e-04,1.392462387173054594e-04,1.250231994589512396e-04,1.116436201158421682e-04,9.915399230919774709e-05,8.758228030103509809e-05,7.693938883335249557e-05,6.722089510446949134e-05,5.840896444908594276e-05,5.047437336713755940e-05,4.337855583003147331e-05,3.707562274257725221e-05,3.151428914804910164e-05,2.663966304794485040e-05,2.239487007216212078e-05,1.872248326151293440e-05,1.556574450489733863e-05,1.286957974855340581e-05,1.058140647103300580e-05,8.651740756704384694e-06,7.034629177837814495e-06,5.687915717089708778e-06,4.573366481963603292e-06,3.656674692820160999e-06,2.907374224037084787e-06,2.298669741662706656e-06,1.807216023053115350e-06,1.412857187688132399e-06,1.098343076932906115e-06,8.490369083347104606e-07,6.526202867007668829e-07,4.988126534044567961e-07,3.791006122355611296e-07,2.864890831233424251e-07,2.152773959096521139e-07,1.608512150141905295e-07,1.195104744056152413e-07,8.830254216718458338e-08,6.491261217433930142e-08,4.751018423121422529e-08,3.471515697128779721e-08,2.544017263517162064e-08,1.887937628453073557e-08,1.443642361209640512e-08,1.168203311863180716e-08,1.035226659951149486e-08
1.280083949950494571e-08,1.443642361209640512e-08,1.782493086466274690e-08,2.328825132735801162e-08,3.135079396088258363e-08,4.274320986041857395e-08,5.845419082106673159e-08,7.981368810305866646e-08,1.085082033114304068e-07,1.467740133875850006e-07,1.974360657186480239e-07,2.640958030042384053e-07,3.512636226332688238e-07,4.645609976705600275e-07,6.109288932520939852e-07,7.988770107658638153e-07,1.038755286231207720e-06,1.343054321978343069e-06,1.726729294659890002e-06,2.207538088327964942e-06,2.806393794685391185e-06,3.547715749618873815e-06,4.459765705178142525e-06,5.574959658360967296e-06,6.930127980808720167e-06,8.566709880142298061e-06,1.053085594548974768e-05,1.287341144973197515e-05,1.564975572421190009e-05,1.891947360377344012e-05,2.274582791983448260e-05,2.719501750902963977e-05,3.233519771583814872e-05,3.823525376844827406e-05,4.496332604730923777e-05,5.258508528527272574e-05,6.116178249726544891e-05,7.074809784057833895e-05,8.138982997252242058e-05,9.312148321782842686e-05,1.059638136950979970e-04,1.199214232201484265e-04,1.349804732200254875e-04,1.511066274701988732e-04,1.682433151017903583e-04,1.863104084947053707e-04,2.052034140263003792e-04,2.247932529684248948e-04,2.449267066140237148e-04,2.654275683369178296e-04,2.860985351276212896e-04,3.067238376104342024e-04,3.270725801201024296e-04,3.469027390394785471e-04,3.659657270276284180e-04,3.840114192001919946e-04,4.007934992529271767e-04,4.160749723212120443e-04,4.296336747131590528e-04,4.412676027243378485e-04,4.507998858684914012e-04,4.580832311376070720e-04,4.630036859509800706e-04,4.654835876749530144e-04,4.654835883712848954e-04,4.630036875425957987e-04,4.580832334397655359e-04,4.507998892790965328e-04,4.412676065470577669e-04,4.296336788627286296e-04,4.160749769397398268e-04,4.007935038714549592e-04,3.840114236766112299e-04,3.659657313050956873e-04,3.469027433737892352e-04,3.270725841417743140e-04,3.067238415042083943e-04,2.860985384955938571e-04,2.654275715059384311e-04,2.449267097688334616e-04,2.247932553984810511e-04,2.052034160442417488e-04,1.863104106405444327e-04,1.682433163523455733e-04,1.511066285502238316e-04,1.349804741437310440e-04,1.199214239875345811e-04,1.059638143630081686e-04,9.312148358731064945e-05,8.138983034200464317e-05,7.074809809637372382e-05,6.116178283832596208e-05,5.258508548422469175e-05,4.496332621783949435e-05,3.823525381108083820e-05,3.233519778689242230e-05,2.719501759429476806e-05,2.274582793404533732e-05,1.891947371746027784e-05,1.564975572421190009e-05,1.287341144973197515e-05,1.053085594548974768e-05,8.566709880142298061e-06,6.930127980808720167e-06,5.574959658360967296e-06,4.459765705178142525e-06,3.547715749618873815e-06,2.806393794685391185e-06,2.207538088327964942e-06,1.726729294659890002e-06,1.343054321978343069e-06,1.038755286231207720e-06,7.988770107658638153e-07,6.109288932520939852e-07,4.645609976705600275e-07,3.512636226332688238e-07,2.640958030042384053e-07,1.974360657186480239e-07,1.467740133875850006e-07,1.085082033114304068e-07,7.981368810305866646e-08,5.845419082106673159e-08,4.274320986041857395e-08,3.135079396088258363e-08,2.328825132735801162e-08,1.782493086466274690e-08,1.443642361209640512e-08,1.280083949950494571e-08
1.674997918144072173e-08,1.887937628453073557e-08,2.328825132735801162e-08,3.039420448658347595e-08,4.087300453647912946e-08,5.566977279158891179e-08,7.606951157868024893e-08,1.037902421785474871e-07,1.410113839028781513e-07,1.906187065969788819e-07,2.562539833661503508e-07,3.425601704520886415e-07,4.553456420808288385e-07,6.018444196342898067e-07,7.909819714768673293e-07,1.033692413443532132e-06,1.343264031561375305e-06,1.735720672968454892e-06,2.230231700650620041e-06,2.849541644422970421e-06,3.620414304350560997e-06,4.574074097263292060e-06,5.746629398117875098e-06,7.179460666861814389e-06,8.919543560637066548e-06,1.101968723560275976e-05,1.353865171438428661e-05,1.654111514426404028e-05,2.009745944064889045e-05,2.428333628756718099e-05,2.917898643772787182e-05,3.486828455834256602e-05,4.143748375895484060e-05,4.897365248268670257e-05,5.756279277591147547e-05,6.728765248453782988e-05,7.822525057576967811e-05,9.044415631365154695e-05,1.040015702074015280e-04,1.189402817516338473e-04,1.352855806118213877e-04,1.530422332933767393e-04,1.721916199528550351e-04,1.926891631285343465e-04,2.144621631998688827e-04,2.374081649776371705e-04,2.613939704900758443e-04,2.862553982936333341e-04,3.117978788509390142e-04,3.377979398919706000e-04,3.640056206108965853e-04,3.901478107763978187e-04,4.159324802941455346e-04,4.410537272576675605e-04,4.651975399809771261e-04,4.880481244811107899e-04,5.092946353926208758e-04,5.286381072409085391e-04,5.457983778569541755e-04,5.605207810219781095e-04,5.725823902338333937e-04,5.817975925879181887e-04,5.880228123089636938e-04,5.911602071790866830e-04,5.911602081312139489e-04,5.880228152079780557e-04,5.817975972775002447e-04,5.725823965434528873e-04,5.605207885821528180e-04,5.457983858434545255e-04,5.286381158953190607e-04,5.092946442744050728e-04,4.880481333771058416e-04,4.651975489622373061e-04,4.410537360968191933e-04,4.159324885932846882e-04,3.901478184218376555e-04,3.640056276452696693e-04,3.377979461447466747e-04,3.117978845352809003e-04,2.862554032390107750e-04,2.613939745970128570e-04,2.374081685303508493e-04,2.144621661415158087e-04,1.926891654591145198e-04,1.721916218571095669e-04,1.530422347144622108e-04,1.352855819050091668e-04,1.189402825190200019e-04,1.040015710032093921e-04,9.044415700998342800e-05,7.822525097367361013e-05,6.728765271191150532e-05,5.756279303170686035e-05,4.897365266742781387e-05,4.143748380158740474e-05,3.486828458676427545e-05,2.917898643772787182e-05,2.428333630177803570e-05,2.009745944064889045e-05,1.654111517268574971e-05,1.353865171438428661e-05,1.101968726402446919e-05,8.919543560637066548e-06,7.179460666861814389e-06,5.746629398117875098e-06,4.574074097263292060e-06,3.620414304350560997e-06,2.849541644422970421e-06,2.230231700650620041e-06,1.735720672968454892e-06,1.343264031561375305e-06,1.033692413443532132e-06,7.909819714768673293e-07,6.018444196342898067e-07,4.553456420808288385e-07,3.425601704520886415e-07,2.562539833661503508e-07,1.906187065969788819e-07,1.410113839028781513e-07,1.037902421785474871e-07,7.606951157868024893e-08,5.566977279158891179e-08,4.087300453647912946e-08,3.039420448658347595e-08,2.328825132735801162e-08,1.887937628453073557e-08,1.674997918144072173e-08
2.258320819237269461e-08,2.544017263517162064e-08,3.135079396088258363e-08,4.087300453647912946e-08,5.490888099757285090e-08,7.471751928278536070e-08,1.020203796997520840e-07,1.391052109056545305e-07,1.888739546984652407e-07,2.551674356254807208e-07,3.428265387128703878e-07,4.580215602345560910e-07,6.084644041948195081e-07,8.037531245008722181e-07,1.055722009368764702e-06,1.378855216671581729e-06,1.790742629736996605e-06,2.312577123575465521e-06,2.969690513054956682e-06,3.792115251144423382e-06,4.815160110638316837e-06,6.079982284745710786e-06,7.634136821366155345e-06,9.532071800322228228e-06,1.183554256556362816e-05,1.461390863255473960e-05,1.794427146251109662e-05,2.191141598473222984e-05,2.660750919858401176e-05,3.213151515524259594e-05,3.858828438296768581e-05,4.608728545463236514e-05,5.474094953683561471e-05,6.466260887805219681e-05,7.596402922160905291e-05,8.875254646056873753e-05,1.031278324319373496e-04,1.191783481431230030e-04,1.369775496158354144e-04,1.565799335452311425e-04,1.780170414349413477e-04,2.012935469792864751e-04,2.263835693838700536e-04,2.532273660165174078e-04,2.817285660370316691e-04,3.117520965645326214e-04,3.431229517616429803e-04,3.756259335148115497e-04,4.090064747828137115e-04,4.429726171224501741e-04,4.771981869993169312e-04,5.113271642187555699e-04,5.449791978406892667e-04,5.777561753603777106e-04,6.092496987122331120e-04,6.390492953016746469e-04,6.667511306659434922e-04,6.919669788487681217e-04,7.143331714587475290e-04,7.335192459407835486e-04,7.492360034859757434e-04,7.612427078811379033e-04,7.693531758121707753e-04,7.734405434689506365e-04,7.734405452026749117e-04,7.693531811980847124e-04,7.612427166208135532e-04,7.492360149683463533e-04,7.335192596968909129e-04,7.143331865933078006e-04,6.919669949070339499e-04,6.667511471505349618e-04,6.390493120278506467e-04,6.092497150405051798e-04,5.777561912196915728e-04,5.449792130320929573e-04,5.113271783159234474e-04,4.771982000448815597e-04,4.429726289743030065e-04,4.090064850572616706e-04,3.756259426666019863e-04,3.431229598334084585e-04,3.117521033288994659e-04,2.817285714797890250e-04,2.532273705071474978e-04,2.263835729934271512e-04,2.012935502477830596e-04,1.780170440213169059e-04,1.565799352079011442e-04,1.369775512074511425e-04,1.191783492799913802e-04,1.031278332135343589e-04,8.875254722795489215e-05,7.596402971898896794e-05,6.466260914805843640e-05,5.474094976420929015e-05,4.608728571042775002e-05,3.858828446823281411e-05,3.213151519787516008e-05,2.660750925542743062e-05,2.191141606999735814e-05,1.794427149093280605e-05,1.461390877466328675e-05,1.183554256556362816e-05,9.532071800322228228e-06,7.634136821366155345e-06,6.079982284745710786e-06,4.815160110638316837e-06,3.792115251144423382e-06,2.969690513054956682e-06,2.312577123575465521e-06,1.790742629736996605e-06,1.378855216671581729e-06,1.055722009368764702e-06,8.037531245008722181e-07,6.084644041948195081e-07,4.580215602345560910e-07,3.428265387128703878e-07,2.551674356254807208e-07,1.888739546984652407e-07,1.391052109056545305e-07,1.020203796997520840e-07,7.471751928278536070e-08,5.490888099757285090e-08,4.087300453647912946e-08,3.135079396088258363e-08,2.544017263517162064e-08,2.258320819237269461e-08
3.083211197463242570e-08,3.471515697128779721e-08,4.274320986041857395e-08,5.566977279158891179e-08,7.471751928278536070e-08,1.015887534094872535e-07,1.386169401484949049e-07,1.888921588033554144e-07,2.563312762049463345e-07,3.461153283979001571e-07,4.647696698611980537e-07,6.206070111147710122e-07,8.240106694756832439e-07,1.087893693352270930e-06,1.428165234074185719e-06,1.864284087105261278e-06,2.419860507529847382e-06,3.123321505427156808e-06,4.008617395356850466e-06,5.115966317248421547e-06,6.492613181308115600e-06,8.193583553861572000e-06,1.028240171763172839e-05,1.283173654087477189e-05,1.592393797977820213e-05,1.965140916126983939e-05,2.411677377267551492e-05,2.943277267775101791e-05,3.572183898370440147e-05,4.311529798428637150e-05,5.175213149755109043e-05,6.177727232170582283e-05,7.333938341957946250e-05,8.658810754980095226e-05,1.016707814756045991e-04,1.187286301842505054e-04,1.378924867907471707e-04,1.592780989483344456e-04,1.829811202185283037e-04,2.090719082730174705e-04,2.375902703164456398e-04,2.685403361510907416e-04,3.018857367749205878e-04,3.375452970431069843e-04,3.753894485072351017e-04,4.152375609010050539e-04,4.568563899312039212e-04,4.999598091188772742e-04,5.442099594290539244e-04,5.892199228298977687e-04,6.345579582784921513e-04,6.797533032738556358e-04,7.243034688286797973e-04,7.676829058880230150e-04,8.093528567485464009e-04,8.487721487568933298e-04,8.854086408405237307e-04,9.187509938470839188e-04,9.483204052855853661e-04,9.736819368271198982e-04,9.944550693177234280e-04,1.010323120937073327e-03,1.021041214812612452e-03,1.026442517357395445e-03,1.026442520952741688e-03,1.021041225087060411e-03,1.010323136952706591e-03,9.944550909040117403e-04,9.736819623213932573e-04,9.483204333662342833e-04,9.187510238461982226e-04,8.854086716496567533e-04,8.487721801060388316e-04,8.093528879271616461e-04,7.676829359013481735e-04,7.243034974777629031e-04,6.797533299334190815e-04,6.345579827211622614e-04,5.892199450698853980e-04,5.442099790400334314e-04,4.999598263992766078e-04,4.568564048952339363e-04,4.152375734918223316e-04,3.753894593501172494e-04,3.375453059391020361e-04,3.018857436103417058e-04,2.685403421480714314e-04,2.375902748497082939e-04,2.090719119109962776e-04,1.829811230891209561e-04,1.592781011083843623e-04,1.378924883113086253e-04,1.187286312642754638e-04,1.016707823140450273e-04,8.658810801875915786e-05,7.333938387432681338e-05,6.177727266276633600e-05,5.175213178176818474e-05,4.311529815481662808e-05,3.572183906896952976e-05,2.943277276301614620e-05,2.411677377267551492e-05,1.965140916126983939e-05,1.592393797977820213e-05,1.283173654087477189e-05,1.028240171763172839e-05,8.193583553861572000e-06,6.492613181308115600e-06,5.115966317248421547e-06,4.008617395356850466e-06,3.123321505427156808e-06,2.419860507529847382e-06,1.864284087105261278e-06,1.428165234074185719e-06,1.087893693352270930e-06,8.240106694756832439e-07,6.206070111147710122e-07,4.647696698611980537e-07,3.461153283979001571e-07,2.563312762049463345e-07,1.888921588033554144e-07,1.386169401484949049e-07,1.015887534094872535e-07,7.471751928278536070e-08,5.566977279158891179e-08,4.274320986041857395e-08,3.471515697128779721e-08,3.083211197463242570e-08
4.221382710056786891e-08,4.751018423121422529e-08,5.845419082106673159e-08,7.606951157868024893e-08,1.020203796997520840e-07,1.386169401484949049e-07,1.890371379431599053e-07,2.574734594418259803e-07,3.492383342518223799e-07,4.713556194246848463e-07,6.326651771360047860e-07,8.444252728168066824e-07,1.120688295941363322e-06,1.478920438557906891e-06,1.940628209240458091e-06,2.532098420715556131e-06,3.285207270664614043e-06,4.238306772208488837e-06,5.437171537892027118e-06,6.935989418366261816e-06,8.798371325724474445e-06,1.109835204715636792e-05,1.392133951583218732e-05,1.736496395210451738e-05,2.153977801810924575e-05,2.656973525461125973e-05,3.259238714292678196e-05,3.975872139960756613e-05,4.823256490738003777e-05,5.818948262970025098e-05,6.981509929460116837e-05,8.330278807022750698e-05,9.885067819936921296e-05,1.166579596798555940e-04,1.369204751000552278e-04,1.598256309875978332e-04,1.855466807683114894e-04,2.142364691053444403e-04,2.460207714278794811e-04,2.809913821124609967e-04,3.191991540916205849e-04,3.606472133839133676e-04,4.052846001911802887e-04,4.530006037555267540e-04,5.036200588648398480e-04,5.568998815590475715e-04,6.125270857069153863e-04,6.701185076423143983e-04,7.292224181583151221e-04,7.893221436461317353e-04,8.498417627151866327e-04,9.101538592233282543e-04,9.695892518664095405e-04,1.027448521398355297e-03,1.083015096696726687e-03,1.135569569214567309e-03,1.184404863039389966e-03,1.228841814821635126e-03,1.268244698138687454e-03,1.302036199604117428e-03,1.329711363055707807e-03,1.350850030661376877e-03,1.365127364451268477e-03,1.372322076392151757e-03,1.372322082858090653e-03,1.365127383195385846e-03,1.350850060362063232e-03,1.329711402263455966e-03,1.302036246116244911e-03,1.268244749581981523e-03,1.228841869590269198e-03,1.184404919442272330e-03,1.135569626200094717e-03,1.083015153270139308e-03,1.027448576280676207e-03,9.695893037786618152e-04,9.101539074265474483e-04,8.498418073088487290e-04,7.893221841328568189e-04,7.292224540691449874e-04,6.701185391904118660e-04,6.125271127501719093e-04,5.568999048080058856e-04,5.036200782342348248e-04,4.530006196858948897e-04,4.052846135209620115e-04,3.606472238146807285e-04,3.191991626323442688e-04,2.809913889336712600e-04,2.460207766432631615e-04,2.142364731412271794e-04,1.855466836104824324e-04,1.598256334034431347e-04,1.369204768195686484e-04,1.166579607172479882e-04,9.885067899517707701e-05,8.330278859602913144e-05,6.981509977777022868e-05,5.818948284286307171e-05,4.823256516317542264e-05,3.975872152750525856e-05,3.259238727082447440e-05,2.656973549619578989e-05,2.153977801810924575e-05,1.736496406579135510e-05,1.392133951583218732e-05,1.109835204715636792e-05,8.798371325724474445e-06,6.935989418366261816e-06,5.437171537892027118e-06,4.238306772208488837e-06,3.285207270664614043e-06,2.532098420715556131e-06,1.940628209240458091e-06,1.478920438557906891e-06,1.120688295941363322e-06,8.444252728168066824e-07,6.326651771360047860e-07,4.713556194246848463e-07,3.492383342518223799e-07,2.574734594418259803e-07,1.890371379431599053e-07,1.386169401484949049e-07,1.020203796997520840e-07,7.606951157868024893e-08,5.845419082106673159e-08,4.751018423121422529e-08,4.221382710056786891e-08
5.769797439825197216e-08,6.491261217433930142e-08,7.981368810305866646e-08,1.037902421785474871e-07,1.391052109056545305e-07,1.888921588033554144e-07,2.574734594418259803e-07,3.505334547071470297e-07,4.752725999424001202e-07,6.412072934836032800e-07,8.603069261425844161e-07,1.147810138490967802e-06,1.522726790881279157e-06,2.008674272246935288e-06,2.634714036275909166e-06,3.436349487628831412e-06,4.456605935843072075e-06,5.747220797047702945e-06,7.369905816290156508e-06,9.397670027055937680e-06,1.191616502183023840e-05,1.502501481809304096e-05,1.883906959676551196e-05,2.348952961028771824e-05,2.912485550154997327e-05,3.591138776926072751e-05,4.403357854698697338e-05,5.369374332531151595e-05,6.511122776942102064e-05,7.852089777315995889e-05,9.417085746576958627e-05,1.123193241028275224e-04,1.332305936045941053e-04,1.571700716027635281e-04,1.843983637854762492e-04,2.151644604708735642e-04,2.496981000774667336e-04,2.882014226486262487e-04,3.308400995933880040e-04,3.777341448767401744e-04,4.289486782909079921e-04,4.844849357823477476e-04,5.442718692307835227e-04,6.081586766129021271e-04,6.759086333545383241e-04,7.471945757231424068e-04,8.215963632949296880e-04,8.986006167361892949e-04,9.776029580308431832e-04,1.057912921538672890e-03,1.138761607364813244e-03,1.219312058935884124e-03,1.298672242000975530e-03,1.375910399048052568e-03,1.450072446942840543e-03,1.520200990881903635e-03,1.585355449861935995e-03,1.644632710323890024e-03,1.697187693451951418e-03,1.742253180822217473e-03,1.779158269158642725e-03,1.807344827057022485e-03,1.826381406402788343e-03,1.835974123878258979e-03,1.835974135104834204e-03,1.826381439371971283e-03,1.807344879793504333e-03,1.779158338791830829e-03,1.742253262776216616e-03,1.697187784273523903e-03,1.644632807412449438e-03,1.585355550361100541e-03,1.520201092176876045e-03,1.450072546916203464e-03,1.375910496307142239e-03,1.298672334129946648e-03,1.219312144783657459e-03,1.138761686419798025e-03,1.057912993246645783e-03,9.776030216386288885e-04,8.986006727411677275e-04,8.215964116402574291e-04,7.471946169204102262e-04,6.759086677448067348e-04,6.081587051909309594e-04,5.442718926786938027e-04,4.844849546543628094e-04,4.289486932123054430e-04,3.777341567143821521e-04,3.308401085178047651e-04,2.882014295551016403e-04,2.496981051649527217e-04,2.151644643788586109e-04,1.843983665565929186e-04,1.571700737201808806e-04,1.332305949404144485e-04,1.123193252396958997e-04,9.417085823315574089e-05,7.852089817106389091e-05,6.511122815311409795e-05,5.369374353847433667e-05,4.403357867488466582e-05,3.591138793979098409e-05,2.912485554418253741e-05,2.348952961028771824e-05,1.883906968203064025e-05,1.502501484651475039e-05,1.191616502183023840e-05,9.397670027055937680e-06,7.369905816290156508e-06,5.747220797047702945e-06,4.456605935843072075e-06,3.436349487628831412e-06,2.634714036275909166e-06,2.008674272246935288e-06,1.522726790881279157e-06,1.147810138490967802e-06,8.603069261425844161e-07,6.412072934836032800e-07,4.752725999424001202e-07,3.505334547071470297e-07,2.574734594418259803e-07,1.888921588033554144e-07,1.391052109056545305e-07,1.037902421785474871e-07,7.981368810305866646e-08,6.491261217433930142e-08,5.769797439825197216e-08
7.851556915738910902e-08,8.830254216718458338e-08,1.085082033114304068e-07,1.410113839028781513e-07,1.888739546984652407e-07,2.563312762049463345e-07,3.492383342518223799e-07,4.752725999424001202e-07,6.441562589998284238e-07,8.687345598445972428e-07,1.165153051374545612e-06,1.553960572664436768e-06,2.060779181078942202e-06,2.717424649745225906e-06,3.563027064501511632e-06,4.645362892574667057e-06,6.022300937047475600e-06,7.763387543491262477e-06,9.951529321483576496e-06,1.268475335791663383e-05,1.607799492830963572e-05,2.026485385897558444e-05,2.539925689859501290e-05,3.165692956486054754e-05,3.923658644566785370e-05,4.836072359637455520e-05,5.927589258192256239e-05,7.225232590712948877e-05,8.758278326581603324e-05,1.055804902705403947e-04,1.265760510733571209e-04,1.509132335684171267e-04,1.789435540899830812e-04,2.110196183053858476e-04,2.474872189566212910e-04,2.886762439260337487e-04,3.348904990616574651e-04,3.863966121429029954e-04,4.434122494672010362e-04,5.060939373890960269e-04,5.745248336381791887e-04,6.487028583990195330e-04,7.285296136672059220e-04,8.138005717910345993e-04,9.041969968848206918e-04,9.992800723352956993e-04,1.098487665302627647e-03,1.201134104874768127e-03,1.306413283572283035e-03,1.413405285660473965e-03,1.521086636344648468e-03,1.628344148372207201e-03,1.733992185236843397e-03,1.836793053215046712e-03,1.935480068226524963e-03,2.028782739245116318e-03,2.115453397635747024e-03,2.194294502970706162e-03,2.264185816329700174e-03,2.324110582989646900e-03,2.373179884926912564e-03,2.410654355671226767e-03,2.435962528352320078e-03,2.448715183703598086e-03,2.448715203300366738e-03,2.435962585821016546e-03,2.410654447800197886e-03,2.373180006173924994e-03,2.324110725794525933e-03,2.264185974524934863e-03,2.194294671426177956e-03,2.115453572002934379e-03,2.028782915260762820e-03,1.935480241868958728e-03,1.836793221400512266e-03,1.733992344924217832e-03,1.628344297358808035e-03,1.521086773692559291e-03,1.413405409806500757e-03,1.306413394161154429e-03,1.201134201920694977e-03,1.098487749359833288e-03,9.992801440716903016e-04,9.041970569398927182e-04,8.138006217279780685e-04,7.285296542249852791e-04,6.487028910555636685e-04,5.745248597008867364e-04,5.060939577106182696e-04,4.434122653549366078e-04,3.863966240515992467e-04,3.348905080713393545e-04,2.886762508182982856e-04,2.474872238025227489e-04,2.110196221423166207e-04,1.789435569179431695e-04,1.509132353731956755e-04,1.265760520823278057e-04,1.055804910521374040e-04,8.758278406162389729e-05,7.225232639029854909e-05,5.927589269560940011e-05,4.836072393743506836e-05,3.923658667304152914e-05,3.165692977802336827e-05,2.539925698386014119e-05,2.026485391581900330e-05,1.607799492830963572e-05,1.268475335791663383e-05,9.951529321483576496e-06,7.763387543491262477e-06,6.022300937047475600e-06,4.645362892574667057e-06,3.563027064501511632e-06,2.717424649745225906e-06,2.060779181078942202e-06,1.553960572664436768e-06,1.165153051374545612e-06,8.687345598445972428e-07,6.441562589998284238e-07,4.752725999424001202e-07,3.492383342518223799e-07,2.563312762049463345e-07,1.888739546984652407e-07,1.410113839028781513e-07,1.085082033114304068e-07,8.830254216718458338e-08,7.851556915738910902e-08
1.063000212297993130e-07,1.195104744056152413e-07,1.467740133875850006e-07,1.906187065969788819e-07,2.551674356254807208e-07,3.461153283979001571e-07,4.713556194246848463e-07,6.412072934836032800e-07,8.687345598445972428e-07,1.171191712501240545e-06,1.570251740190542478e-06,2.093491957566584460e-06,2.775280663058765640e-06,3.658272433426645875e-06,4.794903375682224578e-06,6.249158957416511839e-06,8.098503116116262390e-06,1.043597724503797508e-05,1.337243733701143356e-05,1.703888005977205466e-05,2.158880863589729415e-05,2.720054810367855680e-05,3.407942818967057974e-05,4.245971125271807978e-05,5.260613582436235447e-05,6.481492707166580658e-05,7.941411060130576516e-05,9.676296227212333179e-05,1.172504194215662210e-04,1.412922811567796089e-04,1.693270501164079178e-04,2.018102836700563785e-04,2.392073488266532877e-04,2.819845469730353216e-04,3.305985967045899088e-04,3.854845572988097047e-04,4.470423329223649489e-04,5.156219841069287213e-04,5.915081519276554900e-04,6.749039854128113802e-04,7.659150349326182550e-04,8.645336409642823128e-04,9.706244006508768507e-04,1.083911329075704089e-03,1.203967332969568815e-03,1.330206615946849524e-03,1.461880572975360337e-03,1.598077670024622421e-03,1.737727704380631621e-03,1.879610706026824118e-03,2.022370606255208259e-03,2.164533616010544392e-03,2.304531093244577278e-03,2.440726491499844997e-03,2.571445807376449011e-03,2.695010784222517941e-03,2.809773980274599126e-03,2.914154709984018155e-03,3.006674777225271100e-03,3.085992893090860889e-03,3.150936667765336097e-03,3.200531132108608290e-03,3.234022820592485914e-03,3.250898608854413396e-03,3.250898642164656849e-03,3.234022918832124560e-03,3.200531289564878534e-03,3.150936875471188614e-03,3.085993136522802160e-03,3.006675046876239321e-03,2.914154996744855453e-03,2.809774277181986690e-03,2.695011083716281064e-03,2.571446103161179053e-03,2.440726777678037251e-03,2.304531365425077638e-03,2.164533870356422085e-03,2.022370839981135759e-03,1.879610917072227494e-03,1.737727892304974375e-03,1.598077835097910793e-03,1.461880715510233131e-03,1.330206737605976741e-03,1.203967434918240542e-03,1.083911413530813661e-03,9.706244698293176043e-04,8.645336966139893775e-04,7.659150791283764192e-04,6.749040202720379966e-04,5.915081789567011583e-04,5.156220048831983149e-04,4.470423485685159903e-04,3.854845687953911693e-04,3.305986052168918832e-04,2.819845530268594302e-04,2.392073529193794457e-04,2.018102866685467234e-04,1.693270524327772364e-04,1.412922826489193540e-04,1.172504204589586152e-04,9.676296291161179397e-05,7.941411104184226133e-05,6.481492738430461031e-05,5.260613596647090162e-05,4.245971125271807978e-05,3.407942824651399860e-05,2.720054820315453981e-05,2.158880863589729415e-05,1.703888005977205466e-05,1.337243733701143356e-05,1.043597724503797508e-05,8.098503116116262390e-06,6.249158957416511839e-06,4.794903375682224578e-06,3.658272433426645875e-06,2.775280663058765640e-06,2.093491957566584460e-06,1.570251740190542478e-06,1.171191712501240545e-06,8.687345598445972428e-07,6.412072934836032800e-07,4.713556194246848463e-07,3.461153283979001571e-07,2.551674356254807208e-07,1.906187065969788819e-07,1.467740133875850006e-07,1.195104744056152413e-07,1.063000212297993130e-07
1.431175462585088098e-07,1.608512150141905295e-07,1.974360657186480239e-07,2.562539833661503508e-07,3.428265387128703878e-07,4.647696698611980537e-07,6.326651771360047860e-07,8.603069261425844161e-07,1.165153051374545612e-06,1.570251740190542478e-06,2.104536136471324426e-06,2.804813391321658855e-06,3.716926826768940373e-06,4.897749619203750626e-06,6.417157038640652900e-06,8.360373996652015194e-06,1.083051864725348423e-05,1.395137945792157552e-05,1.787036141820408375e-05,2.276155251479394792e-05,2.882882790800067596e-05,3.630888909356144723e-05,4.547411384692168212e-05,5.663506240694005101e-05,7.014246864400774939e-05,8.638851559794602508e-05,1.058071859603160192e-04,1.288734623301479587e-04,1.561011500115228046e-04,1.880391015447457903e-04,2.252656485524084928e-04,2.683810614030335273e-04,3.179979263450150029e-04,3.747293705060883440e-04,4.391751473917793192e-04,5.119056862810111852e-04,5.934442965553898830e-04,6.842478349682323824e-04,7.846862345388672111e-04,8.950214171079551306e-04,1.015386198901069292e-03,1.145763884338180105e-03,1.285969312206702853e-03,1.435632161005173657e-03,1.594183321628861449e-03,1.760845139344269228e-03,1.934626249408211152e-03,2.114321653351680652e-03,2.298518529926241172e-03,2.485608132786865099e-03,2.673803902993654447e-03,2.861165736746329458e-03,3.045630095243723190e-03,3.225045419441130434e-03,3.397212086696299593e-03,3.559925929593532601e-03,3.711024156658027096e-03,3.848432374837784664e-03,3.970211309621163309e-03,4.074601774334496440e-03,4.160066458524624977e-03,4.225327154955493825e-03,4.269396196946217970e-03,4.291601031951586265e-03,4.291601088297625211e-03,4.269396362616362239e-03,4.225327420684266144e-03,4.160066808125861826e-03,4.074602184417130957e-03,3.970211762890585305e-03,3.848432857267880536e-03,3.711024655302708197e-03,3.559926432473048408e-03,3.397212582939346248e-03,3.225045899768019808e-03,3.045630551895328608e-03,2.861166163228290316e-03,2.673804294744286381e-03,2.485608486864521183e-03,2.298518845179842174e-03,2.114321929752804863e-03,1.934626488406365752e-03,1.760845342715811057e-03,1.594183492599654528e-03,1.435632302587919185e-03,1.285969427897271089e-03,1.145763977262959088e-03,1.015386272925411504e-03,8.950214748182361291e-04,7.846862793172704187e-04,6.842478692306031007e-04,5.934443222486152081e-04,5.119057051672371017e-04,4.391751613184169400e-04,3.747293807379037389e-04,3.179979335783400529e-04,2.683810663484109682e-04,2.252656520909113169e-04,1.880391041169104938e-04,1.561011514041865667e-04,1.288734633817512076e-04,1.058071868271781568e-04,8.638851602427166654e-05,7.014246889980313426e-05,5.663506260589201702e-05,4.547411388955424627e-05,3.630888915040486609e-05,2.882882792221153068e-05,2.276155251479394792e-05,1.787036141820408375e-05,1.395137945792157552e-05,1.083051864725348423e-05,8.360373996652015194e-06,6.417157038640652900e-06,4.897749619203750626e-06,3.716926826768940373e-06,2.804813391321658855e-06,2.104536136471324426e-06,1.570251740190542478e-06,1.165153051374545612e-06,8.603069261425844161e-07,6.326651771360047860e-07,4.647696698611980537e-07,3.428265387128703878e-07,2.562539833661503508e-07,1.974360657186480239e-07,1.608512150141905295e-07,1.431175462585088098e-07
1.916047693839573185e-07,2.152773959096521139e-07,2.640958030042384053e-07,3.425601704520886415e-07,4.580215602345560910e-07,6.206070111147710122e-07,8.444252728168066824e-07,1.147810138490967802e-06,1.553960572664436768e-06,2.093491957566584460e-06,2.804813391321658855e-06,3.736771759577095509e-06,4.950174385953687306e-06,6.520423568190381047e-06,8.540110300714331970e-06,1.112210564713222993e-05,1.440290266430110933e-05,1.854626373187784338e-05,2.374708184049723059e-05,3.023539574087408255e-05,3.828044187059731485e-05,4.819461649674394721e-05,6.033717428977070085e-05,7.511746579780265165e-05,9.299748668922802608e-05,1.144934748538162239e-04,1.401762826418462282e-04,1.706702285275696340e-04,2.066501336486226137e-04,2.488362589758708054e-04,2.979868862666990026e-04,3.548883218797982408e-04,4.203421761417303060e-04,4.951498374481388964e-04,5.800941685407678960e-04,6.759185603328887737e-04,7.833036079887278902e-04,9.028418097045687318e-04,1.035010827564519786e-03,1.180145985827607547e-03,1.338412812600608959e-03,1.509780530795978848e-03,1.693997495380017426e-03,1.890569624151794415e-03,2.098742874864001351e-03,2.317490795974208595e-03,2.545508099871085506e-03,2.781211067073741106e-03,3.022745437775142818e-03,3.268002208216103099e-03,3.514641508942872861e-03,3.760124450636226356e-03,4.001752541199721236e-03,4.236713948827741660e-03,4.462135621821516906e-03,4.675139981202391937e-03,4.872904687033496884e-03,5.052723781560075622e-03,5.212068395692881495e-03,5.348645150036190898e-03,5.460450386578941107e-03,5.545818472242558528e-03,5.603462568601003113e-03,5.632506493213895737e-03,5.632506587204488824e-03,5.603462844433693135e-03,5.545818914512778974e-03,5.460450967689212121e-03,5.348645830537179791e-03,5.212069147873421571e-03,5.052724581133816173e-03,4.872905512883107804e-03,4.675140813759526282e-03,4.462136443038389189e-03,4.236714743683478446e-03,4.001753296165588836e-03,3.760125155594096213e-03,3.514642155991509753e-03,3.268002793760160785e-03,3.022745958617178985e-03,2.781211523966931054e-03,2.545508494634418639e-03,2.317491132615145943e-03,2.098743157048943431e-03,1.890569858034041317e-03,1.693997686246007106e-03,1.509780684315842336e-03,1.338412934842381219e-03,1.180146081196653540e-03,1.035010901333066613e-03,9.028418662779813531e-04,7.833036504081292151e-04,6.759185917530885490e-04,5.800941914344548422e-04,4.951498536769349812e-04,4.203421879225288649e-04,3.548883300226179927e-04,2.979868920647277264e-04,2.488362630117535446e-04,2.066501360218353511e-04,1.706702300907636527e-04,1.401762838071363149e-04,1.144934754790938314e-04,9.299748710134281282e-05,7.511746585464607051e-05,6.033717457398779516e-05,4.819461658200907550e-05,3.828044187059731485e-05,3.023539574087408255e-05,2.374708184049723059e-05,1.854626373187784338e-05,1.440290266430110933e-05,1.112210564713222993e-05,8.540110300714331970e-06,6.520423568190381047e-06,4.950174385953687306e-06,3.736771759577095509e-06,2.804813391321658855e-06,2.093491957566584460e-06,1.553960572664436768e-06,1.147810138490967802e-06,8.444252728168066824e-07,6.206070111147710122e-07,4.580215602345560910e-07,3.425601704520886415e-07,2.640958030042384053e-07,2.152773959096521139e-07,1.916047693839573185e-07
