2.555286471306317253e-08,2.856675962448207429e-08,3.487620858777518151e-08,4.504448725128895603e-08,5.993047125230077654e-08,8.080448310465726536e-08,1.093947616936929990e-07,1.479789943914511241e-07,1.994739591282268520e-07,2.676552242064644815e-07,3.572561126929940656e-07,4.742672246038637240e-07,6.261195721890544519e-07,8.220093690169960610e-07,1.073193885758882971e-06,1.393364073010161519e-06,1.799032744997930422e-06,2.309963448965390853e-06,2.949623024051106768e-06,3.745649962638708530e-06,4.730324974389077397e-06,5.941033606404744205e-06,7.420690181447753275e-06,9.218113234510383336e-06,1.138831356684022467e-05,1.399267603119369596e-05,1.709899008517368202e-05,2.078130769689323643e-05,2.511958626882915269e-05,3.019908565704554348e-05,3.610949076460201468e-05,4.294373111690674705e-05,5.079648177286344435e-05,5.976233696003419027e-05,6.993365558116693137e-05,8.139809678198162146e-05,9.423587533774480107e-05,1.085167828875910345e-04,1.242970355121997272e-04,1.416160290546031320e-04,1.604930950378502530e-04,1.809243630930268409e-04,2.028798454887237313e-04,2.263008718443870748e-04,2.510979934271517777e-04,2.771494835087651154e-04,3.043005464604675581e-04,3.323633295195804749e-04,3.611178270972459359e-04,3.903137165082171123e-04,4.196731600671910201e-04,4.488945575218394879e-04,4.776572066020889906e-04,5.056267837915129348e-04,5.324615350446038065e-04,5.578190206989575017e-04,5.813632373303789791e-04,6.027719131793674023e-04,6.217437624371768834e-04,6.380054692129988325e-04,6.513181804734813340e-04,6.614832940385895199e-04,6.683473461919220426e-04,6.718058319279407442e-04,6.718058324679532234e-04,6.683473474282664029e-04,6.614832960849525989e-04,6.513181830882786016e-04,6.380054722114891774e-04,6.217437655493540660e-04,6.027719169310330471e-04,5.813632409115143673e-04,5.578190245216774201e-04,5.324615383983655192e-04,5.056267872731723401e-04,4.776572100411158317e-04,4.488945609892880384e-04,4.196731628383076895e-04,3.903137191514360893e-04,3.611178295415129469e-04,3.323633316938412463e-04,3.043005482936678163e-04,2.771494853419653737e-04,2.510979947203395568e-04,2.263008730665205803e-04,2.028798465403269802e-04,1.809243638177804314e-04,1.604930956062844416e-04,1.416160295093504828e-04,1.242970358816819498e-04,1.085167832286515477e-04,9.423587557932933123e-05,8.139809706619871577e-05,6.993365583696231624e-05,5.976233717319701100e-05,5.079648181549600849e-05,4.294373124480443948e-05,3.610949077881286939e-05,3.019908582757580007e-05,2.511958626882915269e-05,2.078130762583896285e-05,1.709899008517368202e-05,1.399267603119369596e-05,1.138831356684022467e-05,9.218113319775511627e-06,7.420690181447753275e-06,5.941033606404744205e-06,4.730324974389077397e-06,3.745649962638708530e-06,2.949623024051106768e-06,2.309963448965390853e-06,1.799032744997930422e-06,1.393364073010161519e-06,1.073193885758882971e-06,8.220093690169960610e-07,6.261195721890544519e-07,4.742672246038637240e-07,3.572561126929940656e-07,2.676552242064644815e-07,1.994739591282268520e-07,1.479789943914511241e-07,1.093947616936929990e-07,8.080448310465726536e-08,5.993047125230077654e-08,4.504448725128895603e-08,3.487620858777518151e-08,2.856675962448207429e-08,2.555286471306317253e-08
2.856675962448207429e-08,3.192579356436908711e-08,3.895517863838904304e-08,5.028255145589355379e-08,6.686022402391245123e-08,9.009970369788788958e-08,1.219203937807833427e-07,1.648490126626711572e-07,2.221224235654517543e-07,2.979263484803595929e-07,3.975056301896984223e-07,5.274958709833299508e-07,6.961234788604997448e-07,9.135648326719092438e-07,1.192270588035171386e-06,1.547375347854540450e-06,1.997122907937409764e-06,2.563339478456327925e-06,3.271924953196503338e-06,4.153368053039230290e-06,5.243260545739758527e-06,6.582796629572840175e-06,8.219239248319354374e-06,1.020632221582218335e-05,1.260456134843934706e-05,1.548144095409043075e-05,1.891144464138960757e-05,2.297588460464794480e-05,2.776250006775171641e-05,3.336478526705377590e-05,3.988101650520547992e-05,4.741294708310306305e-05,5.606415413694776362e-05,6.593802973497986386e-05,7.713541543807878043e-05,8.975189621196477674e-05,1.038747986257249067e-04,1.195799278121967291e-04,1.369281266647703887e-04,1.559617360271658981e-04,1.767010571853688816e-04,1.991409402108956783e-04,2.232476181234233081e-04,2.489559268781249557e-04,2.761670419602069160e-04,3.047468687498167128e-04,3.345252084159255901e-04,3.652958029647379590e-04,3.968173458304136147e-04,4.288155171536800481e-04,4.609860647519781196e-04,4.929989180197935639e-04,5.245032870249133339e-04,5.551336548705876339e-04,5.845165336637592191e-04,6.122778215456037287e-04,6.380505629124400002e-04,6.614828980104903167e-04,6.822459573356809415e-04,7.000414635598417590e-04,7.146087947091928072e-04,7.257312774555657597e-04,7.332415016065851887e-04,7.370254754164307087e-04,7.370254767664619067e-04,7.332415054719376712e-04,7.257312836372875609e-04,7.146088032925490552e-04,7.000414735784943332e-04,6.822459685622561665e-04,6.614829099191865680e-04,6.380505753043053119e-04,6.122778337243062197e-04,5.845165463256307703e-04,5.551336667082296117e-04,5.245032983793862513e-04,4.929989285784586173e-04,4.609860746995764202e-04,4.288155260780968092e-04,3.968173537600705458e-04,3.652958099706893336e-04,3.345252147255450836e-04,3.047468740646763763e-04,2.761670462518850400e-04,2.489559302460975232e-04,2.232476211077027983e-04,1.991409424846324328e-04,1.767010590896234135e-04,1.559617374908839338e-04,1.369281278016387660e-04,1.195799287074805761e-04,1.038747992652133689e-04,8.975189658144699933e-05,7.713541586440442188e-05,6.593803010446208646e-05,5.606415430747802020e-05,4.741294712573562720e-05,3.988101659047060821e-05,3.336478530968634004e-05,2.776249998248658812e-05,2.297588460464794480e-05,1.891144464138960757e-05,1.548144089724701189e-05,1.260456134843934706e-05,1.020632213055705506e-05,8.219239248319354374e-06,6.582796601151130744e-06,5.243260545739758527e-06,4.153368053039230290e-06,3.271924953196503338e-06,2.563339478456327925e-06,1.997122907937409764e-06,1.547375347854540450e-06,1.192270588035171386e-06,9.135648326719092438e-07,6.961234788604997448e-07,5.274958709833299508e-07,3.975056301896984223e-07,2.979263484803595929e-07,2.221224235654517543e-07,1.648490126626711572e-07,1.219203937807833427e-07,9.009970369788788958e-08,6.686022402391245123e-08,5.028255145589355379e-08,3.895517863838904304e-08,3.192579356436908711e-08,2.856675962448207429e-08
3.487620858777518151e-08,3.895517863838904304e-08,4.749426807393319905e-08,6.125233653619943652e-08,8.137988061207579449e-08,1.095813217943941709e-07,1.481782163637035410e-07,2.002208816520578694e-07,2.696197043405845761e-07,3.614220958070291090e-07,4.819491579155510408e-07,6.391945532868703594e-07,8.430587712382475729e-07,1.105781677779305028e-06,1.442328510847801226e-06,1.870876445764224627e-06,2.413322860661537561e-06,3.095842515676849871e-06,3.949474958631071786e-06,5.010729552168413647e-06,6.322195048369394499e-06,7.933124663850321667e-06,9.899984803496408858e-06,1.228691894539224450e-05,1.516610885232694272e-05,1.861798321556307201e-05,2.273123325835513242e-05,2.760259866363412584e-05,3.333636951197149756e-05,4.004357219855592120e-05,4.784079190756074240e-05,5.684861096710847050e-05,6.718962831087083032e-05,7.898606575906796934e-05,9.235694788856108062e-05,1.074148945292563440e-04,1.242625570085920117e-04,1.429887593360490428e-04,1.636644337565940077e-04,1.863384442799542740e-04,2.110334272629188490e-04,2.377417807792880922e-04,2.664219570220893729e-04,2.969952155922328529e-04,3.293429926713997702e-04,3.633050456670616768e-04,3.986785164471484677e-04,4.352180323934362605e-04,4.726369465970492456e-04,5.106097820402055731e-04,5.487759043916184964e-04,5.867444071583349796e-04,6.241001512421462394e-04,6.604108433805322420e-04,6.952350129552087310e-04,7.281306806703469192e-04,7.586644995427604954e-04,7.864211063832726722e-04,8.110124048386069262e-04,8.320864987894083242e-04,8.493359877803641211e-04,8.625053574462526740e-04,8.713972161302763197e-04,8.758771705856815970e-04,8.758771731152137363e-04,8.713972239320355584e-04,8.625053702076002082e-04,8.493360046202269587e-04,8.320865188977677462e-04,8.110124271638596838e-04,7.864211302148760296e-04,7.586645241985934263e-04,7.281307058235597651e-04,6.952350375684090977e-04,6.604108673826658560e-04,6.241001739795137837e-04,5.867444283751410694e-04,5.487759241447065506e-04,5.106097998890390954e-04,4.726369623995196889e-04,4.352180465048149927e-04,3.986785287111160869e-04,3.633050559699313453e-04,3.293430014110754200e-04,2.969952229818773048e-04,2.664219630048592080e-04,2.377417855399244218e-04,2.110334311851147504e-04,1.863384475484508584e-04,1.636644363713912753e-04,1.429887613255687029e-04,1.242625582165146625e-04,1.074148958082332683e-04,9.235694861331467109e-05,7.898606651224326924e-05,6.718962865193134348e-05,5.684861130816898367e-05,4.784079217756698199e-05,4.004357228382104950e-05,3.333636962565833528e-05,2.760259883416438242e-05,2.273123330098769657e-05,1.861798328661734558e-05,1.516610888074865215e-05,1.228691894539224450e-05,9.899984803496408858e-06,7.933124663850321667e-06,6.322195048369394499e-06,5.010729552168413647e-06,3.949474958631071786e-06,3.095842515676849871e-06,2.413322860661537561e-06,1.870876445764224627e-06,1.442328510847801226e-06,1.105781677779305028e-06,8.430587712382475729e-07,6.391945532868703594e-07,4.819491579155510408e-07,3.614220958070291090e-07,2.696197043405845761e-07,2.002208816520578694e-07,1.481782163637035410e-07,1.095813217943941709e-07,8.137988061207579449e-08,6.125233653619943652e-08,4.749426807393319905e-08,3.895517863838904304e-08,3.487620858777518151e-08
4.504448725128895603e-08,5.028255145589355379e-08,6.125233653619943652e-08,7.892448650181904668e-08,1.047660731501309783e-07,1.409553789244455402e-07,1.904584792100649793e-07,2.571681534391245805e-07,3.460766464513653773e-07,4.636175958694366273e-07,6.178435967285622610e-07,8.189274467440554872e-07,1.079460531627773889e-06,1.414998791915422771e-06,1.844545465701230569e-06,2.391166106008313363e-06,3.082622086481023871e-06,3.952073470259165333e-06,5.038809405277788755e-06,6.389005250184709439e-06,8.056478279172551993e-06,1.010341721041640994e-05,1.260105332789862587e-05,1.563023522521689301e-05,1.928185908184332220e-05,2.365711350194033002e-05,2.886747959962576715e-05,3.503443593899646658e-05,4.228881149970220577e-05,5.076973916118276975e-05,6.062315588906130870e-05,7.199982276517857827e-05,8.505282482929032994e-05,9.993455174139853625e-05,1.167931614531880768e-04,1.357685579961298572e-04,1.569879313194633141e-04,1.805609457221635239e-04,2.065746712105465122e-04,2.350883930404279454e-04,2.661284499509974921e-04,2.996832705690621879e-04,3.356987949985068553e-04,3.740744809874740895e-04,4.146600855392534868e-04,4.572534185740551038e-04,5.015992390724477445e-04,5.473894507588283886e-04,5.942647072743056924e-04,6.418175141789106419e-04,6.895968513305206216e-04,7.371142932015573024e-04,7.838515528106881902e-04,8.292693084399616055e-04,8.728171273730822577e-04,9.139442446439716150e-04,9.521109094521307270e-04,9.867999865207366383e-04,1.017528463847838793e-03,1.043858518002593883e-03,1.065407784835770144e-03,1.081858505543209503e-03,1.092965242946775106e-03,1.098560911856338862e-03,1.098560916702240320e-03,1.092965257470268625e-03,1.081858528692691834e-03,1.065407815758590004e-03,1.043858554936605287e-03,1.017528505201426015e-03,9.868000307733382215e-04,9.521109552679263288e-04,9.139442910139905507e-04,8.728171733025646972e-04,8.292693528630934452e-04,7.838515949316615661e-04,7.371143331198481974e-04,6.895968879234715132e-04,6.418175472333587095e-04,5.942647366907749529e-04,5.473894767504816627e-04,5.015992618666587077e-04,4.572534379292392259e-04,4.146601017964712810e-04,3.740744946725271802e-04,3.356988059692866955e-04,2.996832797208526245e-04,2.661284570137922856e-04,2.350883987105589767e-04,2.065746755164354909e-04,1.805609491043469461e-04,1.569879340337365647e-04,1.357685598719626796e-04,1.167931629595386767e-04,9.993455269352580217e-05,8.505282578141759586e-05,7.199982340466704045e-05,6.062315637223036902e-05,5.076973928908046219e-05,4.228881162759989820e-05,3.503443602426159487e-05,2.886747969910175016e-05,2.365711357299460360e-05,1.928185908184332220e-05,1.563023522521689301e-05,1.260105332789862587e-05,1.010341721041640994e-05,8.056478279172551993e-06,6.389005250184709439e-06,5.038809405277788755e-06,3.952073470259165333e-06,3.082622086481023871e-06,2.391166106008313363e-06,1.844545465701230569e-06,1.414998791915422771e-06,1.079460531627773889e-06,8.189274467440554872e-07,6.178435967285622610e-07,4.636175958694366273e-07,3.460766464513653773e-07,2.571681534391245805e-07,1.904584792100649793e-07,1.409553789244455402e-07,1.047660731501309783e-07,7.892448650181904668e-08,6.125233653619943652e-08,5.028255145589355379e-08,4.504448725128895603e-08
5.993047125230077654e-08,6.686022402391245123e-08,8.137988061207579449e-08,1.047660731501309783e-07,1.389458077483141096e-07,1.867863801408020663e-07,2.521939848065812839e-07,3.402863200108185993e-07,4.576299090786051238e-07,6.126713287812890485e-07,8.159751985203911318e-07,1.080880309700660291e-06,1.423878984496695921e-06,1.865335093498288188e-06,2.430103066330957517e-06,3.148325447455135873e-06,4.056251839301694417e-06,5.197143323698583117e-06,6.622212453066822491e-06,8.391594349177466938e-06,1.057531422077317984e-05,1.325421567344164941e-05,1.652081223824097833e-05,2.048000683885220496e-05,2.524962862082702486e-05,3.096071576180747797e-05,3.775748916723387083e-05,4.579693633388615126e-05,5.524794420352918678e-05,6.628990993817751587e-05,7.911077668154575804e-05,9.390444159862454399e-05,1.108675086527455278e-04,1.301953745951323071e-04,1.520776547039304205e-04,1.766929948416873231e-04,2.042033360822870236e-04,2.347477347655058111e-04,2.684358694295951864e-04,3.053414070137705494e-04,3.454954205039939552e-04,3.888800745386333801e-04,4.354228229885848123e-04,4.849913647717585263e-04,5.373896067055738968e-04,5.923548769004582937e-04,6.495566076836212233e-04,7.085966795301601451e-04,7.690115710943246086e-04,8.302764101415505138e-04,8.918109644611149633e-04,9.529875308942337142e-04,1.013140628330688742e-03,1.071578312689780432e-03,1.127594876606963226e-03,1.180484616867261138e-03,1.229556316658886317e-03,1.274148032180733026e-03,1.313641751409022618e-03,1.347477474709535272e-03,1.375166282727491307e-03,1.396301959843526674e-03,1.410570801795074658e-03,1.417759279064512157e-03,1.417759287846820371e-03,1.410570827829360496e-03,1.396302001197113896e-03,1.375166338192457260e-03,1.347477541017383373e-03,1.313641825220202008e-03,1.274148111292561225e-03,1.229556398470776912e-03,1.180484699503381307e-03,1.127594958447275530e-03,1.071578392242145128e-03,1.013140703904014117e-03,9.529876017495553242e-04,8.918110296463055420e-04,8.302764693866038215e-04,7.690116241292344057e-04,7.085967263407155770e-04,6.495566479856051956e-04,5.923549114470461063e-04,5.373896358378260629e-04,4.849913891149526535e-04,4.354228431537876531e-04,3.888800908100620290e-04,3.454954335779802932e-04,3.053414177713875688e-04,2.684358774160955363e-04,2.347477410182818858e-04,2.042033406439713872e-04,1.766929983091358736e-04,1.520776573329385428e-04,1.301953766130736767e-04,1.108675102017286918e-04,9.390444242285411747e-05,7.911077739208849380e-05,6.628991043555743090e-05,5.524794448774628108e-05,4.579693676021179272e-05,3.775748930934241798e-05,3.096071593233773456e-05,2.524962874872471730e-05,2.048000700938246155e-05,1.652081223824097833e-05,1.325421567344164941e-05,1.057531422077317984e-05,8.391594349177466938e-06,6.622212453066822491e-06,5.197143323698583117e-06,4.056251839301694417e-06,3.148325447455135873e-06,2.430103066330957517e-06,1.865335093498288188e-06,1.423878984496695921e-06,1.080880309700660291e-06,8.159751985203911318e-07,6.126713287812890485e-07,4.576299090786051238e-07,3.402863200108185993e-07,2.521939848065812839e-07,1.867863801408020663e-07,1.389458077483141096e-07,1.047660731501309783e-07,8.137988061207579449e-08,6.686022402391245123e-08,5.993047125230077654e-08
8.080448310465726536e-08,9.009970369788788958e-08,1.095813217943941709e-07,1.409553789244455402e-07,1.867863801408020663e-07,2.509005980755318888e-07,3.385174522918532602e-07,4.564577835708405473e-07,6.134801537882594857e-07,8.208309765223020804e-07,1.092566208171774633e-06,1.446421393325181270e-06,1.904306358824214840e-06,2.493255962576768070e-06,3.246238193810313533e-06,4.203205691055700299e-06,5.412163915252676816e-06,6.930355027634504950e-06,8.825485323882276134e-06,1.117698739960815146e-05,1.407727469882047444e-05,1.763294174850216223e-05,2.196585710123599711e-05,2.721407919636931183e-05,3.353252643023552082e-05,4.109331518975523068e-05,5.008567993058932188e-05,6.071538756202699005e-05,7.320355446438497893e-05,8.778478375859322114e-05,1.047045464872553566e-04,1.242157517538089451e-04,1.465744604729479761e-04,1.720347380427256212e-04,2.008426587991607448e-04,2.332295181588506239e-04,2.694043499928966412e-04,3.095458759503344481e-04,3.537940775544257122e-04,4.022415929796352430e-04,4.549252078049903503e-04,5.118177155054581817e-04,5.728204590838004151e-04,6.377568801667621301e-04,7.063673852201191039e-04,7.783058519237329165e-04,8.531380467644567034e-04,9.303421980746406916e-04,1.009311913037436170e-03,1.089361547400358177e-03,1.169734075730843870e-03,1.249611409633644143e-03,1.328127026312131420e-03,1.404380677897165697e-03,1.477454866545713230e-03,1.546432681180931468e-03,1.610416533480929502e-03,1.668547266476139157e-03,1.720023083322530510e-03,1.764117714884605448e-03,1.800197268181591426e-03,1.827735205722547107e-03,1.846324984285274695e-03,1.855689914577851596e-03,1.855689929797676996e-03,1.846325030314233118e-03,1.827735279761100173e-03,1.800197366691236311e-03,1.764117832891543003e-03,1.720023215000310302e-03,1.668547407348341949e-03,1.610416679554305119e-03,1.546432828902766232e-03,1.477455012548034574e-03,1.404380819565176353e-03,1.328127161087877539e-03,1.249611536024985980e-03,1.169734192103533132e-03,1.089361653157538967e-03,1.009312007724361138e-03,9.303422817907858189e-04,8.531381193108700245e-04,7.783059143093851162e-04,7.063674376865947124e-04,6.377569238367186699e-04,5.728204952788473747e-04,5.118177446377103479e-04,4.549252312813223398e-04,4.022416113969029539e-04,3.537940918363347009e-04,3.095458871200662543e-04,2.694043582636140854e-04,2.332295248521631947e-04,2.008426635029536556e-04,1.720347413964873340e-04,1.465744628035281494e-04,1.242157536012200580e-04,1.047045475672803150e-04,8.778478435544911918e-05,7.320355510387344111e-05,6.071538783203322964e-05,5.008568008690872375e-05,4.109331540291805140e-05,3.353252652971150383e-05,2.721407919636931183e-05,2.196585711544685182e-05,1.763294174850216223e-05,1.407727469882047444e-05,1.117698739960815146e-05,8.825485323882276134e-06,6.930355027634504950e-06,5.412163915252676816e-06,4.203205691055700299e-06,3.246238193810313533e-06,2.493255962576768070e-06,1.904306358824214840e-06,1.446421393325181270e-06,1.092566208171774633e-06,8.208309765223020804e-07,6.134801537882594857e-07,4.564577835708405473e-07,3.385174522918532602e-07,2.509005980755318888e-07,1.867863801408020663e-07,1.409553789244455402e-07,1.095813217943941709e-07,9.009970369788788958e-08,8.080448310465726536e-08
1.093947616936929990e-07,1.219203937807833427e-07,1.481782163637035410e-07,1.904584792100649793e-07,2.521939848065812839e-07,3.385174522918532602e-07,4.564352593661169522e-07,6.150878704147544340e-07,8.262133519565395545e-07,1.104864750800516049e-06,1.469840597678739869e-06,1.944846815149503527e-06,2.559145627856196370e-06,3.348820087012427393e-06,4.357838747637288179e-06,5.639443003246924491e-06,7.257557143702797475e-06,9.288342894819834328e-06,1.182181003400728514e-05,1.496346882845500659e-05,1.883596750928973051e-05,2.358065073337911599e-05,2.935897039435531042e-05,3.635366111609528161e-05,4.476957745680465450e-05,5.483409441353614966e-05,6.679694871536412393e-05,8.092940930737313465e-05,9.752266126383801748e-05,1.168852894153360467e-04,1.393397760693915188e-04,1.652179266784514766e-04,1.948551871180370654e-04,2.285838339446399914e-04,2.667250639234453047e-04,3.095800683894367467e-04,3.574202044518415278e-04,4.104764599048849050e-04,4.689284339036703386e-04,5.328931257793101395e-04,6.024138693447866899e-04,6.774497798858192255e-04,7.578661178087031658e-04,8.434259887621919916e-04,9.337837933287573833e-04,1.028480820480126567e-03,1.126943354620379978e-03,1.228483597117246973e-03,1.332303633844844626e-03,1.437502601220330689e-03,1.543087085224215116e-03,1.647984692866089063e-03,1.751060602998677496e-03,1.851136800894437329e-03,1.947013570315903053e-03,2.037492737741786186e-03,2.121402043812281590e-03,2.197619982609921863e-03,2.265100374771122915e-03,2.322895941404112818e-03,2.370180146044731373e-03,2.406266609838780823e-03,2.430625474715952805e-03,2.442896176134468078e-03,2.442896203348254858e-03,2.430625555049914510e-03,2.406266739257034715e-03,2.370180318280290521e-03,2.322896146651487470e-03,2.265100604276426566e-03,2.197620228059804504e-03,2.121402298314478685e-03,2.037492994887202258e-03,1.947013824974419549e-03,1.851137047651718603e-03,1.751060838870444059e-03,1.647984913702771337e-03,1.543087288865763185e-03,1.437502786203026517e-03,1.332303799344458639e-03,1.228483743275887718e-03,1.126943481807529679e-03,1.028480929164743429e-03,9.337838854435176472e-04,8.434260659271330951e-04,7.578661806917352806e-04,6.774498310306853455e-04,6.024139105420545093e-04,5.328931582369023090e-04,4.689284592132025864e-04,4.104764796579729591e-04,3.574202194016606882e-04,3.095800793744274415e-04,2.667250722225844584e-04,2.285838401689943566e-04,1.948551916939322837e-04,1.652179295490441291e-04,1.393397782294414355e-04,1.168852909927409200e-04,9.752266220175442868e-05,8.092941001791587041e-05,6.679694925537660311e-05,5.483409483986179112e-05,4.476957766996747523e-05,3.635366137189066649e-05,2.935897050804214814e-05,2.358065074758997071e-05,1.883596750928973051e-05,1.496346882845500659e-05,1.182181003400728514e-05,9.288342894819834328e-06,7.257557143702797475e-06,5.639443003246924491e-06,4.357838747637288179e-06,3.348820087012427393e-06,2.559145627856196370e-06,1.944846815149503527e-06,1.469840597678739869e-06,1.104864750800516049e-06,8.262133519565395545e-07,6.150878704147544340e-07,4.564352593661169522e-07,3.385174522918532602e-07,2.521939848065812839e-07,1.904584792100649793e-07,1.481782163637035410e-07,1.219203937807833427e-07,1.093947616936929990e-07
1.479789943914511241e-07,1.648490126626711572e-07,2.002208816520578694e-07,2.571681534391245805e-07,3.402863200108185993e-07,4.564577835708405473e-07,6.150878704147544340e-07,8.284200418984255521e-07,1.112184349949529860e-06,1.486524951133105787e-06,1.976581245344277704e-06,2.614037157400161959e-06,3.437973987274745014e-06,4.496549848909126013e-06,5.848406871677980234e-06,7.564500634771320620e-06,9.729958591719878314e-06,1.244612616346785217e-05,1.583268102933743648e-05,2.002979623227929551e-05,2.520027567243232625e-05,3.153158266400168941e-05,3.923766050206722866e-05,4.856043655365738232e-05,5.977087218411725189e-05,7.316942780732915708e-05,8.908578574562397989e-05,1.078776819838367373e-04,1.299286979872249503e-04,1.556448685704481250e-04,1.854499890470151513e-04,2.197795256222434546e-04,2.590730701967913774e-04,3.037653294626352363e-04,3.542756934109547728e-04,4.109964792746723106e-04,4.742800344530451184e-04,5.444249285062596755e-04,6.216615514063050796e-04,7.061374975876333338e-04,7.979031689018256657e-04,8.968980938277582027e-04,1.002938472183245722e-03,1.115706504350555406e-03,1.234742024479373868e-03,1.359436965373106432e-03,1.489033106579995547e-03,1.622623504943021544e-03,1.759157894639429287e-03,1.897452243625252777e-03,2.036202502267769887e-03,2.174002458531276716e-03,2.309365439444377444e-03,2.440749463644920070e-03,2.566585298524159953e-03,2.685306745490834146e-03,2.795382362791087871e-03,2.895347751078247711e-03,2.983837467027683488e-03,3.059615615924826670e-03,3.121604171255398796e-03,3.168908139812742775e-03,3.200836757144998046e-03,3.216920030183700874e-03,3.216920077136364853e-03,3.200836896155578870e-03,3.168908362965794367e-03,3.121604468816485678e-03,3.059615970812501473e-03,2.983837863482108332e-03,2.895348174490663951e-03,2.795382801963341990e-03,2.685307189551622287e-03,2.566585738037474584e-03,2.440749889842663833e-03,2.309365846201671957e-03,2.174002839979038981e-03,2.036202853972213234e-03,1.897452563099477629e-03,1.759158180789199832e-03,1.622623757498331543e-03,1.489033326095068333e-03,1.359437153510612006e-03,1.234742183612524968e-03,1.115706636880986480e-03,1.002938581592616174e-03,8.968981825319133350e-04,7.979032404250574473e-04,7.061375537062986041e-04,6.216615955878523891e-04,5.444249624844132995e-04,4.742800601178487341e-04,4.109964987719649798e-04,3.542757076075986333e-04,3.037653399076134519e-04,2.590730776148575387e-04,2.197795309086814086e-04,1.854499928697350697e-04,1.556448711568236831e-04,1.299286997067383709e-04,1.078776832343919523e-04,8.908578652722098923e-05,7.316942831891992682e-05,5.977087252517776506e-05,4.856043665313336533e-05,3.923766062996492110e-05,3.153158286295365542e-05,2.520027567243232625e-05,2.002979623227929551e-05,1.583268102933743648e-05,1.244612616346785217e-05,9.729958591719878314e-06,7.564500634771320620e-06,5.848406871677980234e-06,4.496549848909126013e-06,3.437973987274745014e-06,2.614037157400161959e-06,1.976581245344277704e-06,1.486524951133105787e-06,1.112184349949529860e-06,8.284200418984255521e-07,6.150878704147544340e-07,4.564577835708405473e-07,3.402863200108185993e-07,2.571681534391245805e-07,2.002208816520578694e-07,1.648490126626711572e-07,1.479789943914511241e-07
1.994739591282268520e-07,2.221224235654517543e-07,2.696197043405845761e-07,3.460766464513653773e-07,4.576299090786051238e-07,6.134801537882594857e-07,8.262133519565395545e-07,1.112184349949529860e-06,1.492411726644604641e-06,1.993776152175996685e-06,2.649803988674648281e-06,3.502727025761487312e-06,4.604598288437955489e-06,6.019522004407917848e-06,7.825503089975427429e-06,1.011686129004374379e-05,1.300667150871959166e-05,1.662945133773519046e-05,2.114393075203224726e-05,2.673587867718651978e-05,3.362088529001994175e-05,4.204699180831994454e-05,5.229704160569781379e-05,6.469059565006318735e-05,7.958525056039889023e-05,9.737716654001360439e-05,1.185006175887792779e-04,1.434263606796548629e-04,1.726586317545297788e-04,2.067305882462733280e-04,2.461980440244815327e-04,2.916313756884392205e-04,3.436055330325871182e-04,4.026881478012001025e-04,4.694257946766811074e-04,5.443285571971046011e-04,6.278531216139526805e-04,7.203847239765082122e-04,8.222183650730130466e-04,9.335397811014445324e-04,1.054406758541404088e-03,1.184731417822604271e-03,1.324264154035859065e-03,1.472579932723760976e-03,1.629067632705982760e-03,1.792923101135102115e-03,1.963146506255952772e-03,2.138544488943239230e-03,2.317737481575932179e-03,2.499172414445638424e-03,2.681140857873742789e-03,2.861802457587714343e-03,3.039213336990087555e-03,3.211358928325580564e-03,3.376190527333733371e-03,3.531664688964042398e-03,3.675784436666162946e-03,3.806641158050183549e-03,3.922455979548544747e-03,4.021619390329078669e-03,4.102727908701808701e-03,4.164616634099616022e-03,4.206386660683847367e-03,4.227426460218453030e-03,4.227426540410306188e-03,4.206386896754565896e-03,4.164617013202587259e-03,4.102728413599265878e-03,4.021619992869318594e-03,3.922456651480388246e-03,3.806641876550997949e-03,3.675785181059154638e-03,3.531665441585118970e-03,3.376191271996731302e-03,3.211359650890699413e-03,3.039214026202330388e-03,2.861803103641591406e-03,2.681141453948043818e-03,2.499172956063944184e-03,2.317737966222921386e-03,2.138544916476803337e-03,1.963146878097177250e-03,1.792923420083525343e-03,1.629067902399583545e-03,1.472580157752645391e-03,1.324264339345404551e-03,1.184731568002916902e-03,1.054406878964186944e-03,9.335398762857494148e-04,8.222184392536746600e-04,7.203847814878372446e-04,6.278531652981200750e-04,5.443285899531247196e-04,4.694258189630318157e-04,4.026881655505576418e-04,3.436055456234043959e-04,2.916313846981211100e-04,2.461980507888483771e-04,2.067305929500662387e-04,1.726586345114355936e-04,1.434263626265419589e-04,1.185006190667081682e-04,9.737716735003232316e-05,7.958525098672453169e-05,6.469059607638882881e-05,5.229704177622807038e-05,4.204699195042849169e-05,3.362088541791763419e-05,2.673587876245164807e-05,2.114393075203224726e-05,1.662945133773519046e-05,1.300667150871959166e-05,1.011686129004374379e-05,7.825503089975427429e-06,6.019522004407917848e-06,4.604598288437955489e-06,3.502727025761487312e-06,2.649803988674648281e-06,1.993776152175996685e-06,1.492411726644604641e-06,1.112184349949529860e-06,8.262133519565395545e-07,6.134801537882594857e-07,4.576299090786051238e-07,3.460766464513653773e-07,2.696197043405845761e-07,2.221224235654517543e-07,1.994739591282268520e-07
2.676552242064644815e-07,2.979263484803595929e-07,3.614220958070291090e-07,4.636175958694366273e-07,6.126713287812890485e-07,8.208309765223020804e-07,1.104864750800516049e-06,1.486524951133105787e-06,1.993776152175996685e-06,2.662336200387471763e-06,3.536726850938975986e-06,4.673000006505390047e-06,6.140191302961284237e-06,8.023274617130482511e-06,1.042557498465157551e-05,1.347194475442847761e-05,1.731195567344911979e-05,2.212341422591634910e-05,2.811597423146849906e-05,3.553481607809771958e-05,4.466425552607233840e-05,5.583114226226371102e-05,6.940787557141447905e-05,8.581484230774094613e-05,1.055220488410668622e-04,1.290497141184232532e-04,1.569675642798529225e-04,1.898925741983248372e-04,2.284849027773816488e-04,2.734417993224269594e-04,3.254892725124136632e-04,3.853713823787074944e-04,4.538370723849993738e-04,5.316245321154156045e-04,6.194431870198968682e-04,7.179535064238962150e-04,8.277449429670014069e-04,9.493124213975079329e-04,1.083031931386813085e-03,1.229135862530483791e-03,1.387688845866819065e-03,1.558564915754345748e-03,1.741426884308339140e-03,1.935708825030246771e-03,2.140602562661797492e-03,2.355049010049015124e-03,2.577735109241530154e-03,2.807096998765246099e-03,3.041329881341425789e-03,3.278404849879734684e-03,3.516092718626850910e-03,3.751994669471514499e-03,3.983579265195658081e-03,4.208225132813936398e-03,4.423268397388824269e-03,4.626053714503086667e-03,4.813987589869839212e-03,4.984592520088426681e-03,5.135560408220385398e-03,5.264803683886043473e-03,5.370502565114065874e-03,5.451147003270762070e-03,5.505571983178469964e-03,5.532985052781214108e-03,5.532985186661676380e-03,5.505572378240231046e-03,5.451147636932773821e-03,5.370503409181992538e-03,5.264804690199298420e-03,5.135561530707377642e-03,4.984593718916130456e-03,4.813988831827487047e-03,4.626054969108395198e-03,4.423269638635929368e-03,4.208226337468090605e-03,3.983580413503773343e-03,3.751995745716385500e-03,3.516093711127155075e-03,3.278405752098478843e-03,3.041330689001142673e-03,2.807097711141182117e-03,2.577735728536367787e-03,2.355049541677090019e-03,2.140603011824282476e-03,1.935709199969437577e-03,1.741427192854416717e-03,1.558565166305925231e-03,1.387689046993045849e-03,1.229136021635213183e-03,1.083032055262833637e-03,9.493125170365601662e-04,8.277450153002519073e-04,7.179535610220000308e-04,6.194432271513505839e-04,5.316245616739934121e-04,4.538370939144442673e-04,3.853713974990569113e-04,3.254892831421329902e-04,2.734418066268062830e-04,2.284849078080242180e-04,1.898925774526105670e-04,1.569675665820113863e-04,1.290497154400327418e-04,1.055220497505615640e-04,8.581484283354257059e-05,6.940787599774012051e-05,5.583114234752883931e-05,4.466425566818088555e-05,3.553481619178455730e-05,2.811597418883593491e-05,2.212341422591634910e-05,1.731195575871424808e-05,1.347194475442847761e-05,1.042557498465157551e-05,8.023274617130482511e-06,6.140191302961284237e-06,4.673000006505390047e-06,3.536726850938975986e-06,2.662336200387471763e-06,1.993776152175996685e-06,1.486524951133105787e-06,1.104864750800516049e-06,8.208309765223020804e-07,6.126713287812890485e-07,4.636175958694366273e-07,3.614220958070291090e-07,2.979263484803595929e-07,2.676552242064644815e-07
3.572561126929940656e-07,3.975056301896984223e-07,4.819491579155510408e-07,6.178435967285622610e-07,8.159751985203911318e-07,1.092566208171774633e-06,1.469840597678739869e-06,1.976581245344277704e-06,2.649803988674648281e-06,3.536726850938975986e-06,4.696169611406730837e-06,6.202146039413491962e-06,8.145750229004988796e-06,1.063904234399615234e-05,1.381818881895924278e-05,1.784761568046633329e-05,2.292416280624820502e-05,2.928165810089922161e-05,3.719560545789590833e-05,4.698794830915176135e-05,5.903172578314297425e-05,7.375543697207831428e-05,9.164689458884822670e-05,1.132562966148498163e-04,1.391982394807200762e-04,1.701523549257899504e-04,2.068622390538621403e-04,2.501323473182992529e-04,3.008225323242186278e-04,3.598399315620781636e-04,4.281279541942240030e-04,5.066521875960461330e-04,5.963831220014981227e-04,6.982757018079155387e-04,8.132458330152303461e-04,9.421441085493142964e-04,1.085727163868455136e-03,1.244627224650685093e-03,1.419320559676862104e-03,1.610095683560075486e-03,1.817022289614556030e-03,2.039921972738056866e-03,2.278341889137891485e-03,2.531532502288769138e-03,2.798430561483655765e-03,3.077648384618214550e-03,3.367470403219385844e-03,3.665857753489376591e-03,3.970461495654831197e-03,4.278644776846363129e-03,4.587513982016844238e-03,4.893958594550440466e-03,5.194699179412509693e-03,5.486342589136938841e-03,5.765443182340845851e-03,6.028568584980575906e-03,6.272368304777842241e-03,6.493643317625696909e-03,6.689414662105264142e-03,6.856989021486015190e-03,6.994019318995015055e-03,7.098558464790016842e-03,7.169104562748884746e-03,7.204636156885158016e-03,7.204636378247641915e-03,7.169105213336024462e-03,7.098559508406765417e-03,6.994020709299775262e-03,6.856990677647445409e-03,6.689416508294243613e-03,6.493645288202287702e-03,6.272370344660771480e-03,6.028570645341346790e-03,5.765445219651610387e-03,5.486344565881040580e-03,5.194701063530260399e-03,4.893960360135451992e-03,4.587515610893433404e-03,4.278646256551610350e-03,3.970462819808062704e-03,3.665858921920062130e-03,3.367471419068124305e-03,3.077649255800452011e-03,2.798431298145942492e-03,2.531533116723494459e-03,2.278342395101162765e-03,2.039922383687553520e-03,1.817022618880059781e-03,1.610095944073464125e-03,1.419320762849451967e-03,1.244627380998508670e-03,1.085727282742254829e-03,9.421441980066447286e-04,8.132458988256985322e-04,6.982757499542913138e-04,5.963831564201882429e-04,5.066522124081984657e-04,4.281279714177799178e-04,3.598399432576115942e-04,3.008225404670383796e-04,2.501323528036891730e-04,2.068622424360455625e-04,1.701523573558461067e-04,1.391982412144443515e-04,1.132562974106576803e-04,9.164689524254754360e-05,7.375543748366908403e-05,5.903172593946237612e-05,4.698794857915800094e-05,3.719560545789590833e-05,2.928165815774264047e-05,2.292416280624820502e-05,1.784761568046633329e-05,1.381818881895924278e-05,1.063904234399615234e-05,8.145750229004988796e-06,6.202146039413491962e-06,4.696169611406730837e-06,3.536726850938975986e-06,2.649803988674648281e-06,1.976581245344277704e-06,1.469840597678739869e-06,1.092566208171774633e-06,8.159751985203911318e-07,6.178435967285622610e-07,4.819491579155510408e-07,3.975056301896984223e-07,3.572561126929940656e-07
4.742672246038637240e-07,5.274958709833299508e-07,6.391945532868703594e-07,8.189274467440554872e-07,1.080880309700660291e-06,1.446421393325181270e-06,1.944846815149503527e-06,2.614037157400161959e-06,3.502727025761487312e-06,4.673000006505390047e-06,6.202146039413491962e-06,8.187370681866923405e-06,1.074822439761646820e-05,1.403168860747427971e-05,1.821624073272687383e-05,2.351724950244715728e-05,3.019235771262174239e-05,3.854739601649725955e-05,4.894243298281253374e-05,6.179790612748092826e-05,7.760059413897124614e-05,9.690918918181523622e-05,1.203591803147219252e-04,1.486667068917313372e-04,1.826310087125193604e-04,2.231350697456946364e-04,2.711440334337567037e-04,3.277009635809235988e-04,3.939195451039267937e-04,4.709733467933574502e-04,5.600813424422312892e-04,6.624894598843411586e-04,7.794480476661647117e-04,9.121852808391395229e-04,1.061876686293317107e-03,1.229611146968068169e-03,1.416353923133328863e-03,1.622907435873344184e-03,1.849870729444091921e-03,2.097598723892701855e-03,2.366162502710267290e-03,2.655312020138467233e-03,2.964442671839151444e-03,3.292567217016539871e-03,3.638294490713178675e-03,3.999816274003364924e-03,4.374903514559491668e-03,4.760912886311530201e-03,5.154804397335510657e-03,5.553170422473385770e-03,5.952276187557004050e-03,6.348111326985872438e-03,6.736451737580750887e-03,7.112930554058038979e-03,7.473116704019844292e-03,7.812599145481158303e-03,8.127074629811659179e-03,8.412436608978168806e-03,8.664862778502424590e-03,8.880898704404671662e-03,9.057535035211117247e-03,9.192275940563376935e-03,9.283196653271374998e-03,9.328988310940644624e-03,9.328988670119997551e-03,9.283197709407886578e-03,9.192277634738843517e-03,9.057537291738526619e-03,8.880901390440953946e-03,8.664865770299456926e-03,8.412439800082438524e-03,8.127077931874282513e-03,7.812602479049246540e-03,7.473119999673372149e-03,7.112933750150318701e-03,6.736454782867440372e-03,6.348114181164987713e-03,5.952278819748357819e-03,5.553172813080209380e-03,5.154806536936007433e-03,4.760914773569879799e-03,4.374905155401620505e-03,3.999817681062722841e-03,3.638295680417513722e-03,3.292568209559476600e-03,2.964443488707502183e-03,2.655312683302213372e-03,2.366163033855173126e-03,2.097599144065043220e-03,1.849871057117979944e-03,1.622907687732322302e-03,1.416354114610385295e-03,1.229611290384013955e-03,1.061876792419980120e-03,9.121853580182914811e-04,7.794481034011369047e-04,6.624894991205110273e-04,5.600813698407591801e-04,4.709733656511616573e-04,3.939195580642262939e-04,3.277009721784907015e-04,2.711440389759900427e-04,2.231350734405168623e-04,1.826310111709972261e-04,1.486667084265036465e-04,1.203591810110538063e-04,9.690918960814087768e-05,7.760059456529688759e-05,6.179790628380033013e-05,4.894243311071022617e-05,3.854739610176238784e-05,3.019235771262174239e-05,2.351724950244715728e-05,1.821624073272687383e-05,1.403168860747427971e-05,1.074822439761646820e-05,8.187370681866923405e-06,6.202146039413491962e-06,4.673000006505390047e-06,3.502727025761487312e-06,2.614037157400161959e-06,1.944846815149503527e-06,1.446421393325181270e-06,1.080880309700660291e-06,8.189274467440554872e-07,6.391945532868703594e-07,5.274958709833299508e-07,4.742672246038637240e-07
