1.770559663327730959e-07,1.953379751284956001e-07,2.333101463136699749e-07,2.939282381930752308e-07,3.818073963657298009e-07,5.034725631958281156e-07,6.675944064227223862e-07,8.855393360818197834e-07,1.171747683770263393e-06,1.544432450373278698e-06,2.026183437919826247e-06,2.644886734515239368e-06,3.434511398836548324e-06,4.436308401523092471e-06,5.699793106828110467e-06,7.284101769755579880e-06,9.259193319621772389e-06,1.170725653310000780e-05,1.472403360480711854e-05,1.842017471176404797e-05,2.292248467483659624e-05,2.837504575836646836e-05,3.494012486271458329e-05,4.279878960744554206e-05,5.215115992029950576e-05,6.321618707261222880e-05,7.623088484365325712e-05,9.144891340895355825e-05,1.091384398392847288e-04,1.295791999211814982e-04,1.530587053650833695e-04,1.798675656061732298e-04,2.102939112091917195e-04,2.446169483647508969e-04,2.830996959204412633e-04,3.259810120113115772e-04,3.734670355299840594e-04,4.257222363435175794e-04,4.828602744595400509e-04,5.449349335719944065e-04,6.119314102335238204e-04,6.837582550645038282e-04,7.602402944826280873e-04,8.411128455065863818e-04,9.260175375942480969e-04,1.014500025419806661e-03,1.106009837201327173e-03,1.199902567009303311e-03,1.295444539209711365e-03,1.391820017744294091e-03,1.488140940011817293e-03,1.583459079668614322e-03,1.676780455710513706e-03,1.767081704159068067e-03,1.853328079477023493e-03,1.934492644878105239e-03,2.009576179418104402e-03,2.077627274687188219e-03,2.137762064648995874e-03,2.189183026700902701e-03,2.231196311925032205e-03,2.263227079666307873e-03,2.284832375210044120e-03,2.295711158296853682e-03,2.295711165146485655e-03,2.284832395503144653e-03,2.263227112820231923e-03,2.231196356262898917e-03,2.189183080162138140e-03,2.137762124846176448e-03,2.077627340355547858e-03,2.009576248525490882e-03,1.934492715207625224e-03,1.853328150332345103e-03,1.767081773081713436e-03,1.676780522032572662e-03,1.583459142707965839e-03,1.488140998830544959e-03,1.391820071745542009e-03,1.295444588549798937e-03,1.199902610608205578e-03,1.106009875798008579e-03,1.014500059255851738e-03,9.260175666128134253e-04,8.411128700203107655e-04,7.602403152873193903e-04,6.837582722312163241e-04,6.119314243449025525e-04,5.449349449122564693e-04,4.828602832276374102e-04,4.257222437615837407e-04,3.734670411574825266e-04,3.259810161040377352e-04,2.830996992315704119e-04,2.446169508942830362e-04,2.102939131702896702e-04,1.798675669135718636e-04,1.530587063598431996e-04,1.295792007027785075e-04,1.091384402371886608e-04,9.144891404844202043e-05,7.623088509944864199e-05,6.321618765525727213e-05,5.215116004819719819e-05,4.279878974955408921e-05,3.494012486271458329e-05,2.837504592889672494e-05,2.292248467483659624e-05,1.842017479702917626e-05,1.472403351954199024e-05,1.170725657573257195e-05,9.259193319621772389e-06,7.284101769755579880e-06,5.699793106828110467e-06,4.436308401523092471e-06,3.434511398836548324e-06,2.644886734515239368e-06,2.026183437919826247e-06,1.544432450373278698e-06,1.171747683770263393e-06,8.855393360818197834e-07,6.675944064227223862e-07,5.034725631958281156e-07,3.818073963657298009e-07,2.939282381930752308e-07,2.333101463136699749e-07,1.953379751284956001e-07,1.770559663327730959e-07
1.953379751284956001e-07,2.154535820864111884e-07,2.572269011125172256e-07,3.238999681798304664e-07,4.205362245102151064e-07,5.542872685282418388e-07,7.346571919697453268e-07,9.740959256987480330e-07,1.288416910938394722e-06,1.697555418900265067e-06,2.226228843937860802e-06,2.904933751324279001e-06,3.770801299651793670e-06,4.868899964094453026e-06,6.253301080505480058e-06,7.988548816229013028e-06,1.015096333389919891e-05,1.283015771491591295e-05,1.613047021464808495e-05,2.017242096030713583e-05,2.509405229034200602e-05,3.105212736898010917e-05,3.822309513168420381e-05,4.680373862697706500e-05,5.701141452618685435e-05,6.908379252479335264e-05,8.327798390439511422e-05,9.986898112401831895e-05,1.191473001824761013e-04,1.414157715657893277e-04,1.669853964330059171e-04,1.961702555917099744e-04,2.292814492648176383e-04,2.666201025078862585e-04,3.084694963888523489e-04,3.550864413597309976e-04,4.066920273686491782e-04,4.634619633065995004e-04,5.255167296525087295e-04,5.929118181740022919e-04,6.656283688641906338e-04,7.435645294577852837e-04,8.265278808892162488e-04,9.142292705632826255e-04,1.006278382689629325e-03,1.102181357993003985e-03,1.201340718878896041e-03,1.303057816272712444e-03,1.406537943779540001e-03,1.510898181109610050e-03,1.615177952103863390e-03,1.718352188845528872e-03,1.819346893682904920e-03,1.917056810981421222e-03,2.010364827341959426e-03,2.098162644372791874e-03,2.179372205304730414e-03,2.252967314134934895e-03,2.317994847260251845e-03,2.373594963543723679e-03,2.419019720434789633e-03,2.453649546083624955e-03,2.477007067710701449e-03,2.488767877110831250e-03,2.488767898540800161e-03,2.477007131005848350e-03,2.453649648543887452e-03,2.419019858336923789e-03,2.373595129867567266e-03,2.317995035156172889e-03,2.252967517904380657e-03,2.179372418979141912e-03,2.098162862068875256e-03,2.010365044156969816e-03,1.917057023163692975e-03,1.819347097125501023e-03,1.718352381587351374e-03,1.615178131132211092e-03,1.510898345600253379e-03,1.406538092396658612e-03,1.303057948533137278e-03,1.201340835180531030e-03,1.102181459316398104e-03,1.006278469162680267e-03,9.142293440334015031e-04,8.265279421095783619e-04,7.435645799773737963e-04,6.656284098056630683e-04,5.929118510863418123e-04,5.255167563547047394e-04,4.634619840402365298e-04,4.066920433700715876e-04,3.550864537515963093e-04,3.084695056401187685e-04,2.666201091869879747e-04,2.292814541817733698e-04,1.961702591728453626e-04,1.669853991188574582e-04,1.414157734984655690e-04,1.191473016319832823e-04,9.986898194824789243e-05,8.327798491336579900e-05,6.908379299375155824e-05,5.701141490987993166e-05,4.680373886856159515e-05,3.822309534484702453e-05,3.105212746845609217e-05,2.509405229034200602e-05,2.017242096030713583e-05,1.613047021464808495e-05,1.283015771491591295e-05,1.015096333389919891e-05,7.988548816229013028e-06,6.253301080505480058e-06,4.868899964094453026e-06,3.770801299651793670e-06,2.904933751324279001e-06,2.226228843937860802e-06,1.697555418900265067e-06,1.288416910938394722e-06,9.740959256987480330e-07,7.346571919697453268e-07,5.542872685282418388e-07,4.205362245102151064e-07,3.238999681798304664e-07,2.572269011125172256e-07,2.154535820864111884e-07,1.953379751284956001e-07
2.333101463136699749e-07,2.572269011125172256e-07,3.068831944119665422e-07,3.861119921566569246e-07,5.009017343127197819e-07,6.597031472210801439e-07,8.737395660318725277e-07,1.157705867171898717e-06,1.530251779513491783e-06,2.014870986499772698e-06,2.640677223553211661e-06,3.443553907800378511e-06,4.467159101295692381e-06,5.764437162270041881e-06,7.398852034157243907e-06,9.446098090393206803e-06,1.199559514475367905e-05,1.515224838044559874e-05,1.903808802694584301e-05,2.379393920648453786e-05,2.958094719929249550e-05,3.658193739397574973e-05,4.500248741123868967e-05,5.507163537288306543e-05,6.704210309749214503e-05,8.118993076777769602e-05,9.781341049119873787e-05,1.172312043991041719e-04,1.397795548712110758e-04,1.658084963196415629e-04,1.956770042852440383e-04,2.297470471432916383e-04,2.683765350610656242e-04,3.119111992049283799e-04,3.606754862488514846e-04,4.149625911509247089e-04,4.750238050661437228e-04,5.410574055559891349e-04,6.131973657375056064e-04,6.915021908895369052e-04,7.759442367500923865e-04,8.663998922884275089e-04,9.626410033405363720e-04,1.064327941776355146e-03,1.171004685616594543e-03,1.282096259444642783e-03,1.396908830201937235e-03,1.514632692817485804e-03,1.634348307376853882e-03,1.755035451765252219e-03,1.875585465597850998e-03,1.994816454498504754e-03,2.111491213980798420e-03,2.224337539146858944e-03,2.332070474281522365e-03,2.433415997060706104e-03,2.527135529732049690e-03,2.612050645112162783e-03,2.687067288377420482e-03,2.751198833777834807e-03,2.803587312797617415e-03,2.843522184349467352e-03,2.870456089240747133e-03,2.884017107021463744e-03,2.884017147579243101e-03,2.870456208924565544e-03,2.843522379023966096e-03,2.803587574192079046e-03,2.751199151049377178e-03,2.687067646775176399e-03,2.612051033025863944e-03,2.527135935451951809e-03,2.433416410127620111e-03,2.332070885842085772e-03,2.224337941555631915e-03,2.111491600373938127e-03,1.994816819248512729e-03,1.875585804953061597e-03,1.755035762840861935e-03,1.634348588538614422e-03,1.514632943298011014e-03,1.396909050555450449e-03,1.282096450978542634e-03,1.171004849211954024e-03,1.064328080204290927e-03,9.626411191590023009e-04,8.663999876432626479e-04,7.759443143413591315e-04,6.915022531472914125e-04,6.131974153760211266e-04,5.410574445505744734e-04,4.750238350368363172e-04,4.149626142719853306e-04,3.606755037708353484e-04,3.119112121510170255e-04,2.683765446960251211e-04,2.297470541918755771e-04,1.956770093300974622e-04,1.658084999149878058e-04,1.397795575144300528e-04,1.172312061896718660e-04,9.781341157122369623e-05,8.118993153516385064e-05,6.704210372276975249e-05,5.507163574236528802e-05,4.500248763861236512e-05,3.658193782030139118e-05,2.958094735561189736e-05,2.379393933438223030e-05,1.903808802694584301e-05,1.515224838044559874e-05,1.199559514475367905e-05,9.446098090393206803e-06,7.398852034157243907e-06,5.764437162270041881e-06,4.467159101295692381e-06,3.443553907800378511e-06,2.640677223553211661e-06,2.014870986499772698e-06,1.530251779513491783e-06,1.157705867171898717e-06,8.737395660318725277e-07,6.597031472210801439e-07,5.009017343127197819e-07,3.861119921566569246e-07,3.068831944119665422e-07,2.572269011125172256e-07,2.333101463136699749e-07
2.939282381930752308e-07,3.238999681798304664e-07,3.861119921566569246e-07,4.853355761724742479e-07,6.290293583788297838e-07,8.277034453385567758e-07,1.095314999588481442e-06,1.450116002388313063e-06,1.915258565077238018e-06,2.519877313034157851e-06,3.300051986343532917e-06,4.300200984630464518e-06,5.574316048750915797e-06,7.187804868635794264e-06,9.218988495263147342e-06,1.176118570356265991e-05,1.492451858098320372e-05,1.883804083036011434e-05,2.365170436746666383e-05,2.953836423102984554e-05,3.669558783769844013e-05,4.534725930227523349e-05,5.574482042902673129e-05,6.816806209997139376e-05,8.292531086340204638e-05,1.003529008585246629e-04,1.208137765047467838e-04,1.446951121693018649e-04,1.724048242408571241e-04,2.043668709319490517e-04,2.410152802667653305e-04,2.827868536456890070e-04,3.301125531436355232e-04,3.834076164110911122e-04,4.430605073082460876e-04,5.094208566447377962e-04,5.827866127390279871e-04,6.633906781559062438e-04,7.513873691209482786e-04,8.468390690552496380e-04,9.497035113810170515e-04,1.059822131978194193e-03,1.176909963874095411e-03,1.300547531485563013e-03,1.430175191018179248e-03,1.565090322884543639e-03,1.704447718097412690e-03,1.847263431059786853e-03,1.992422280252981182e-03,2.138689063201582030e-03,2.284723448298109361e-03,2.429098368423865395e-03,2.570321638231121142e-03,2.706860368945740447e-03,2.837167669255791225e-03,2.959711000954712290e-03,3.073001490164983807e-03,3.175623427111418096e-03,3.266263153506088202e-03,3.343736541438602217e-03,3.407014262194252296e-03,3.455244124026535246e-03,3.487769802021034593e-03,3.504145414098047695e-03,3.504145485464960075e-03,3.487770013833824123e-03,3.455244466508133883e-03,3.407014721020118486e-03,3.343737100223620473e-03,3.266263785036471745e-03,3.175624110610897333e-03,3.073002204871499998e-03,2.959711728266256614e-03,2.837168393938327426e-03,2.706861076688937828e-03,2.570322317723139349e-03,2.429099010214486043e-03,2.284724045551911331e-03,2.138689610660549079e-03,1.992422774804936125e-03,1.847263871852078410e-03,1.704448105499523081e-03,1.565090659155998765e-03,1.430175479001150052e-03,1.300547775088034541e-03,1.176910167771438864e-03,1.059822299737334106e-03,9.497036480183851381e-04,8.468391787062046205e-04,7.513874564608613582e-04,6.633907467943345182e-04,5.827866655181423994e-04,5.094208971883062986e-04,4.430605376910534687e-04,3.834076394042540414e-04,3.301125698840223777e-04,2.827868656680720960e-04,2.410152890490735444e-04,2.043668771563034170e-04,1.724048288167523424e-04,1.446951153951658853e-04,1.208137785511098627e-04,1.003529021375015873e-04,8.292531173026418401e-05,6.816806266840558237e-05,5.574482072745468031e-05,4.534725947280549008e-05,3.669558793717442313e-05,2.953836430208411912e-05,2.365170436746666383e-05,1.883804083036011434e-05,1.492451858098320372e-05,1.176118570356265991e-05,9.218988495263147342e-06,7.187804868635794264e-06,5.574316048750915797e-06,4.300200984630464518e-06,3.300051986343532917e-06,2.519877313034157851e-06,1.915258565077238018e-06,1.450116002388313063e-06,1.095314999588481442e-06,8.277034453385567758e-07,6.290293583788297838e-07,4.853355761724742479e-07,3.861119921566569246e-07,3.238999681798304664e-07,2.939282381930752308e-07
3.818073963657298009e-07,4.205362245102151064e-07,5.009017343127197819e-07,6.290293583788297838e-07,8.144965875089837937e-07,1.070782971623884805e-06,1.415780587876724894e-06,1.872864714869137970e-06,2.471663265168899670e-06,3.249425233775582456e-06,4.252247421732135990e-06,5.536810476769460365e-06,7.171947274287049368e-06,9.240953403377716313e-06,1.184346194804675179e-05,1.509805927923935087e-05,1.914452535345390061e-05,2.414649040360927756e-05,3.029386020614310837e-05,3.780528813024375268e-05,4.693038759739920351e-05,5.795166867983425618e-05,7.118601590150319680e-05,8.698557739705847780e-05,1.057378965469979448e-04,1.278651248952655806e-04,1.538221524128857709e-04,1.840934932602067420e-04,2.191887891314081571e-04,2.596368068878973645e-04,3.059778508429644717e-04,3.587545440666417562e-04,4.185009870241174212e-04,4.857303653267308619e-04,5.609211392965107734e-04,6.445020229222109265e-04,7.368360246005067893e-04,8.382039085432779757e-04,9.487874831251019714e-04,1.068653194934654493e-03,1.197736555241135648e-03,1.335827948679479960e-03,1.482560398144983083e-03,1.637399846558196259e-03,1.799638500543210284e-03,1.968391718776274502e-03,2.142598854604216285e-03,2.321028381601308865e-03,2.502287498586497350e-03,2.684836291592773705e-03,2.867006386054526956e-03,3.047023868219866927e-03,3.223036109631038926e-03,3.393141985583270070e-03,3.555424831432674182e-03,3.707987375605625857e-03,3.848987786795987631e-03,3.976675899565407235e-03,4.089428645656312256e-03,4.185783716721402925e-03,4.264470498654304720e-03,4.324437388689261752e-03,4.364874697785126045e-03,4.385232452904119782e-03,4.385232574946940076e-03,4.364875057945027947e-03,4.324437972258010632e-03,4.264471279356030209e-03,4.185784668692349442e-03,4.089429722199611206e-03,3.976677064756017899e-03,3.848989004666236724e-03,3.707988615587964887e-03,3.555426066355948933e-03,3.393143192283787357e-03,3.223037267957806762e-03,3.047024962526734271e-03,2.867007404091737044e-03,2.684837225189085075e-03,2.502288342498104612e-03,2.321029134208174582e-03,2.142599516972154561e-03,1.968392293761667133e-03,1.799638993404073517e-03,1.637400263064137107e-03,1.482560746637773264e-03,1.335828236420866233e-03,1.197736789507075628e-03,1.068653383057949213e-03,9.487876327085587036e-04,8.382040260670464704e-04,7.368361157773506420e-04,6.445020928538269800e-04,5.609211922035228781e-04,4.857304048186961154e-04,4.185010162132130063e-04,3.587545657524060516e-04,3.059778662901635471e-04,2.596368177165686575e-04,2.191887965921068826e-04,1.840934986176989696e-04,1.538221557524366290e-04,1.278651273963760104e-04,1.057378980249268352e-04,8.698557843445087201e-05,7.118601646993738541e-05,5.795166912037075235e-05,4.693038795267057139e-05,3.780528840024999226e-05,3.029386026298652723e-05,2.414649053150697000e-05,1.914452535345390061e-05,1.509805927923935087e-05,1.184346194804675179e-05,9.240953403377716313e-06,7.171947274287049368e-06,5.536810476769460365e-06,4.252247421732135990e-06,3.249425233775582456e-06,2.471663265168899670e-06,1.872864714869137970e-06,1.415780587876724894e-06,1.070782971623884805e-06,8.144965875089837937e-07,6.290293583788297838e-07,5.009017343127197819e-07,4.205362245102151064e-07,3.818073963657298009e-07
5.034725631958281156e-07,5.542872685282418388e-07,6.597031472210801439e-07,8.277034453385567758e-07,1.070782971623884805e-06,1.406498654432652984e-06,1.858144571542652557e-06,2.456128001426804985e-06,3.238960061935358681e-06,4.255010580322959868e-06,5.564102394828296383e-06,7.239703961658960907e-06,9.370955069698538864e-06,1.206560702371461957e-05,1.545240900213684654e-05,1.968444161093430012e-05,2.494194461633014726e-05,3.143567761298982077e-05,3.940996198537050077e-05,4.914577736769842886e-05,6.096349885353902209e-05,7.522528062509081792e-05,9.233682516196495271e-05,1.127483903360371187e-04,1.369548209453341769e-04,1.654943928883767512e-04,1.989462709417466613e-04,2.379263831926436978e-04,2.830815318475288223e-04,3.350816084122243410e-04,3.946098042604262446e-04,4.623507716985386651e-04,5.389767714234494633e-04,6.251318832681818094e-04,7.214144768852293055e-04,8.283582028383307261e-04,9.464118675737154263e-04,1.075918637610584483e-03,1.217095101253562461e-03,1.370010795127996062e-03,1.534568838110317301e-03,1.710488388596331788e-03,1.897289617261321837e-03,2.094281901833028314e-03,2.300555908789192472e-03,2.514980150891688027e-03,2.736202524289410576e-03,2.962657206708740887e-03,3.192577153214415375e-03,3.424012258918196494e-03,3.654853090523602077e-03,3.882859896805257449e-03,4.105696425597216148e-03,4.320967896632055272e-03,4.526262317213536335e-03,4.719194182428054773e-03,4.897449484630556071e-03,5.058830881438325378e-03,5.201301813457348544e-03,5.323028373851457218e-03,5.422417744000540551e-03,5.498152117283439111e-03,5.549217109404480652e-03,5.574923844974932763e-03,5.574924049227547584e-03,5.549217714417409297e-03,5.498153097150293434e-03,5.422419055435057089e-03,5.323029969218850965e-03,5.201303620808062078e-03,5.058832837491422652e-03,4.897451529558338734e-03,4.719196264403535679e-03,4.526264391003564924e-03,4.320969922815720565e-03,4.105698371375865463e-03,3.882861734894049732e-03,3.654854801212081838e-03,3.424013828350780386e-03,3.192578572367210654e-03,2.962658472583257208e-03,2.736203638249889991e-03,2.514981118679315841e-03,2.300556738930481515e-03,2.094282604502950562e-03,1.897290204226464994e-03,1.710488873641224927e-03,1.534569233214710948e-03,1.370011113394298263e-03,1.217095354590469469e-03,1.075918836136224854e-03,9.464120216620131032e-04,8.283583208736899905e-04,7.214145664988791395e-04,6.251319500591989708e-04,5.389768207493261798e-04,4.623508075667359662e-04,3.946098299962841338e-04,3.350816269858114538e-04,2.830815448930934508e-04,2.379263919749519118e-04,1.989462769529382058e-04,1.654943967110966696e-04,1.369548236453965728e-04,1.127483922545025052e-04,9.233682641252016765e-05,7.522528137826611783e-05,6.096349932249722769e-05,4.914577763770466845e-05,3.940996208484648378e-05,3.143567765562238492e-05,2.494194463054100197e-05,1.968444161093430012e-05,1.545240900213684654e-05,1.206560702371461957e-05,9.370955069698538864e-06,7.239703961658960907e-06,5.564102394828296383e-06,4.255010580322959868e-06,3.238960061935358681e-06,2.456128001426804985e-06,1.858144571542652557e-06,1.406498654432652984e-06,1.070782971623884805e-06,8.277034453385567758e-07,6.597031472210801439e-07,5.542872685282418388e-07,5.034725631958281156e-07
6.675944064227223862e-07,7.346571919697453268e-07,8.737395660318725277e-07,1.095314999588481442e-06,1.415780587876724894e-06,1.858144571542652557e-06,2.452922998941176047e-06,3.239911620767088607e-06,4.269480754715004878e-06,5.604836573525062704e-06,7.324102526240494626e-06,9.523109895326342667e-06,1.231802755796707061e-05,1.584913422902900493e-05,2.028386828101247374e-05,2.582111243043527793e-05,3.269477878120596870e-05,4.117809288572971127e-05,5.158743506683549640e-05,6.428623552778844896e-05,7.968839558714080340e-05,9.826122182232666091e-05,1.205275602274014091e-04,1.470669296992355157e-04,1.785153832827290898e-04,2.155638338052767722e-04,2.589545946989346703e-04,3.094758820054721582e-04,3.679540682526294404e-04,4.352435166481427586e-04,5.122138709054979699e-04,5.997347694233212678e-04,6.986580096253192096e-04,8.097973125842372610e-04,9.339059185435871768e-04,1.071652378357157431e-03,1.223595001889066225e-03,1.390155537393411578e-03,1.571592769479934759e-03,1.767976789935232773e-03,1.979164777878850145e-03,2.204779164685533033e-03,2.444189073926850142e-03,2.696495903961704244e-03,2.960523875685794337e-03,3.234816277000618356e-03,3.517638010407608817e-03,3.806984902908538970e-03,4.100600049042668616e-03,4.395997254164285550e-03,4.690491429258258904e-03,4.981235547987239443e-03,5.265263565206623753e-03,5.539538457242088043e-03,5.801004363192419078e-03,6.046641614489089989e-03,6.273523318100160395e-03,6.478872044624495175e-03,6.660115129847099524e-03,6.814937094588913169e-03,6.941327723723134113e-03,7.037624461673885889e-03,7.102547902562150739e-03,7.135229358283368128e-03,7.135229695677480777e-03,7.102548902793159868e-03,7.037626081327630345e-03,6.941329891276382114e-03,6.814939730887203950e-03,6.660118117139290916e-03,6.478875277835527413e-03,6.273526697299303123e-03,6.046645055306498762e-03,5.801007790225298777e-03,5.539541805902103988e-03,5.265266780824617854e-03,4.981238586736935758e-03,4.690494258042576803e-03,4.395999849506893042e-03,4.100602396405861327e-03,3.806986997730632538e-03,3.517639854521803500e-03,3.234817879672391427e-03,2.960525250728096580e-03,2.696497068200187641e-03,2.444190047924621467e-03,2.204779969105175041e-03,1.979165434107699184e-03,1.767977318650082452e-03,1.571593189936493218e-03,1.390155867653675159e-03,1.223595258124987595e-03,1.071652575021175835e-03,9.339060671180732243e-04,8.097974238978622452e-04,6.986580919061680106e-04,5.997348294215498754e-04,5.122139137085923721e-04,4.352435474288540718e-04,3.679540899383937358e-04,3.094758968842370450e-04,2.589546048028523728e-04,2.155638406691195996e-04,1.785153876596723421e-04,1.470669325271956041e-04,1.205275619184931202e-04,9.826122303024931171e-05,7.968839634031610331e-05,6.428623630938545830e-05,5.158743526578746241e-05,4.117809314152509614e-05,3.269477882383853284e-05,2.582111254412211565e-05,2.028386828101247374e-05,1.584913422902900493e-05,1.231802755796707061e-05,9.523109895326342667e-06,7.324102526240494626e-06,5.604836573525062704e-06,4.269480754715004878e-06,3.239911620767088607e-06,2.452922998941176047e-06,1.858144571542652557e-06,1.415780587876724894e-06,1.095314999588481442e-06,8.737395660318725277e-07,7.346571919697453268e-07,6.675944064227223862e-07
8.855393360818197834e-07,9.740959256987480330e-07,1.157705867171898717e-06,1.450116002388313063e-06,1.872864714869137970e-06,2.456128001426804985e-06,3.239911620767088607e-06,4.276346459164415137e-06,5.631368324543473136e-06,7.387644515688407409e-06,9.647290909242656198e-06,1.253542430390552909e-05,1.620358357001805416e-05,2.083457209778316610e-05,2.664636151905597217e-05,3.389760325944735087e-05,4.289217764608110883e-05,5.398466694828130130e-05,6.758519907634763513e-05,8.416436352831624390e-05,1.042574771332738237e-04,1.284682041244877837e-04,1.574711184417765253e-04,1.920129564609851514e-04,2.329122093982505248e-04,2.810567320921109058e-04,3.373990399779813742e-04,4.029489948322861892e-04,4.787636072194345616e-04,5.659337514032358740e-04,6.655676606897031888e-04,7.787711527953433688e-04,9.066246613826933753e-04,1.050157261630602079e-03,1.210318012923039532e-03,1.387945090044695462e-03,1.583733305338341779e-03,1.798200771872870973e-03,2.031655566639756216e-03,2.284163380039672120e-03,2.555517195261813868e-03,2.845210102506712246e-03,3.152412372614321612e-03,3.475953856835189981e-03,3.814312749227610766e-03,4.165611593137441560e-03,4.527621283756388948e-03,4.897773603943278431e-03,5.273182607993476267e-03,5.650674906419794752e-03,6.026828635739889251e-03,6.398020593834985448e-03,6.760480765422016702e-03,7.110353170020289326e-03,7.443761731067866094e-03,7.756879649377879105e-03,8.046000603840752774e-03,8.307609967658891037e-03,8.538454196468592272e-03,8.735606515671179295e-03,8.896527115624053295e-03,9.019116185427833443e-03,9.101758275875226900e-03,9.143356747330244616e-03,9.143357296963472436e-03,9.101759904012851621e-03,9.019118822280347558e-03,8.896530644818767541e-03,8.735610807249827303e-03,8.538459059181491284e-03,8.307615230393139427e-03,8.046006104237335421e-03,7.756885249278866468e-03,7.443767307378834630e-03,7.110358618518830554e-03,6.760485998057674806e-03,6.398025539652962834e-03,6.026833240611040310e-03,5.650679132088498591e-03,5.273186431253407136e-03,4.897777017006887945e-03,4.527624289877962838e-03,4.165614206584677959e-03,3.814314992098388757e-03,3.475955757465953866e-03,3.152413962368427747e-03,2.845211416484971778e-03,2.555518266603939992e-03,2.284164243519626325e-03,2.031656253763003406e-03,1.798201311956404425e-03,1.583733725027514083e-03,1.387945411437385701e-03,1.210318256568143624e-03,1.050157443955868075e-03,9.066247958173789812e-04,7.787712506228672282e-04,6.655677312892294140e-04,5.659338014822878904e-04,4.787636422207697251e-04,4.029490190475826239e-04,3.373990566899465193e-04,2.810567430202581818e-04,2.329122168447383956e-04,1.920129611789889168e-04,1.574711213123691778e-04,1.284682060429531703e-04,1.042574781706662179e-04,8.416436413938299665e-05,6.758519947425156715e-05,5.398466711881155788e-05,4.289217770292452769e-05,3.389760342997760745e-05,2.664636151905597217e-05,2.083457209778316610e-05,1.620358358422890888e-05,1.253542430390552909e-05,9.647290909242656198e-06,7.387644515688407409e-06,5.631368324543473136e-06,4.276346459164415137e-06,3.239911620767088607e-06,2.456128001426804985e-06,1.872864714869137970e-06,1.450116002388313063e-06,1.157705867171898717e-06,9.740959256987480330e-07,8.855393360818197834e-07
1.171747683770263393e-06,1.288416910938394722e-06,1.530251779513491783e-06,1.915258565077238018e-06,2.471663265168899670e-06,3.238960061935358681e-06,4.269480754715004878e-06,5.631368324543473136e-06,7.410752999703618116e-06,9.715524214470860898e-06,1.267887793687805242e-05,1.646382318654104893e-05,2.126762538523507828e-05,2.732800609805963177e-05,3.492813296190888650e-05,4.440368974201192032e-05,5.614863815139869985e-05,7.062218686826327030e-05,8.835488857528162043e-05,1.099548233014502330e-04,1.361128978203396400e-04,1.676072912317749797e-04,2.053065041138779634e-04,2.501707009514575475e-04,3.032508884217577361e-04,3.656855338647346798e-04,4.386942054424025628e-04,5.235678621602346539e-04,6.216554619129510684e-04,7.343466480307370148e-04,8.630503476325657175e-04,1.009169259759801207e-03,1.174070331870780137e-03,1.359051497786367690e-03,1.565305104151093474e-03,1.793878641606738711e-03,2.045633571796656724e-03,2.321203203763388956e-03,2.620950729351534392e-03,2.944928662216739212e-03,3.292841001510282695e-03,3.664009515347288470e-03,4.057345533453826647e-03,4.471328594490842079e-03,4.903993207875601001e-03,5.352924819391091660e-03,5.815265884990594714e-03,6.287732684313596110e-03,6.766643239359382278e-03,7.247956352529172364e-03,7.727321450630597610e-03,8.200138568952297646e-03,8.661627449328079820e-03,9.106904407985894068e-03,9.531065326882526278e-03,9.929272865178973007e-03,1.029684578966794106e-02,1.062934818617122801e-02,1.092267624483156396e-02,1.117314032751437480e-02,1.137754008291835817e-02,1.153323057455679645e-02,1.163817755875129478e-02,1.169100038248416240e-02,1.169100126332978107e-02,1.163818017197115751e-02,1.153323480610879415e-02,1.137754574514815431e-02,1.117314721361140073e-02,1.092268404696028483e-02,1.062935662831421268e-02,1.029685461203655450e-02,9.929281844819115577e-03,9.531074268323891374e-03,9.106913143682504597e-03,8.661635838336678717e-03,8.200146499191873772e-03,7.727328834718605322e-03,7.247963130026846557e-03,6.766649373702193770e-03,6.287738160992262237e-03,5.815270710627373774e-03,5.352929016126495299e-03,4.903996810611488399e-03,4.471331648375098666e-03,4.057348089133938629e-03,3.664011627648733338e-03,3.292842725556965888e-03,2.944930052137806342e-03,2.620951835837104227e-03,2.321204073524540945e-03,2.045634247210159629e-03,1.793879159336597695e-03,1.565305496455948742e-03,1.359051791183674140e-03,1.174070548330519159e-03,1.009169417415023418e-03,8.630504610067646354e-04,7.343467287057592330e-04,6.216555183868877066e-04,5.235679009274463169e-04,4.386942322298637009e-04,3.656855517419899115e-04,3.032509000604477478e-04,2.501707086963733673e-04,2.053065091729422420e-04,1.676072943439521623e-04,1.361128996961724624e-04,1.099548242393666442e-04,8.835488920055922790e-05,7.062218730879976647e-05,5.614863835035066586e-05,4.440368988412046747e-05,3.492813300454145065e-05,2.732800612648134120e-05,2.126762549892191601e-05,1.646382318654104893e-05,1.267887793687805242e-05,9.715524214470860898e-06,7.410752999703618116e-06,5.631368324543473136e-06,4.269480754715004878e-06,3.238960061935358681e-06,2.471663265168899670e-06,1.915258565077238018e-06,1.530251779513491783e-06,1.288416910938394722e-06,1.171747683770263393e-06
1.544432450373278698e-06,1.697555418900265067e-06,2.014870986499772698e-06,2.519877313034157851e-06,3.249425233775582456e-06,4.255010580322959868e-06,5.604836573525062704e-06,7.387644515688407409e-06,9.715524214470860898e-06,1.272876161806379969e-05,1.660044836171437055e-05,2.154217362715371564e-05,2.780977669658568630e-05,3.571125077428405348e-05,4.561309674500080291e-05,5.794935515268662130e-05,7.322887543637079943e-05,9.204415019326006586e-05,1.150789578616695508e-04,1.431160983713652968e-04,1.770439424433334352e-04,2.178618524339981377e-04,2.666837709455194272e-04,3.247395857357560089e-04,3.933736969941037387e-04,4.740402829384038341e-04,5.682947482625877456e-04,6.777808909532723192e-04,8.042133924703875891e-04,9.493553302064583477e-04,1.114990545772798214e-03,1.302890849487425839e-03,1.514778223651092048e-03,1.752282395244719737e-03,2.016894344905040271e-03,2.309916567156733436e-03,2.632411085471630940e-03,2.985146468546417964e-03,3.368545240519438266e-03,3.782633270915880530e-03,4.226992802188078713e-03,4.700720864491358952e-03,5.202394790728703811e-03,5.730046518152676072e-03,6.281147193135439011e-03,6.852603427844883299e-03,7.440766268032916742e-03,8.041453634405115736e-03,8.649986614614135760e-03,9.261239588113312493e-03,9.869703737564350376e-03,1.046956305603430337e-02,1.105478155217554104e-02,1.161919993556637110e-02,1.215663971096603291e-02,1.266101231593097509e-02,1.312643068038710226e-02,1.354732043952822096e-02,1.391852796378145740e-02,1.423542237158414991e-02,1.449398881251795501e-02,1.469091049645498970e-02,1.482363721974877535e-02,1.489043851614724190e-02,1.489043991234950681e-02,1.482364136091973705e-02,1.469091720193205219e-02,1.449399778512372450e-02,1.423543328351684067e-02,1.391854032564765475e-02,1.354733381468520292e-02,1.312644465390633286e-02,1.266102653588063731e-02,1.215665386794739788e-02,1.161921376569807762e-02,1.105479483479143710e-02,1.046957561140970938e-02,9.869715429900338677e-03,9.261250321060288115e-03,8.649996330618137108e-03,8.041462311311420308e-03,7.440773915291742924e-03,6.852610079732812665e-03,6.281152905728504265e-03,5.730051361098276175e-03,5.202398845256084314e-03,4.700724216462504046e-03,4.226995538829214638e-03,3.782635477108442501e-03,3.368546997080557048e-03,2.985147850040448247e-03,2.632412158504848776e-03,2.309917389425208967e-03,2.016894967596272181e-03,1.752282860365994566e-03,1.514778566786390002e-03,1.302891099527414553e-03,1.114990725938014293e-03,9.493554576778251430e-04,8.042134815582357987e-04,6.777809523299538341e-04,5.682947903551394120e-04,4.740403110190527514e-04,3.933737153118954666e-04,3.247395977723499527e-04,2.666837788751763583e-04,2.178618573367430145e-04,1.770439453281369424e-04,1.431161000340352984e-04,1.150789590838030563e-04,9.204415076169425447e-05,7.322887555005763716e-05,5.794935532321687788e-05,4.561309692974191421e-05,3.571125083112747234e-05,2.780977669658568630e-05,2.154217362715371564e-05,1.660044836171437055e-05,1.272876161806379969e-05,9.715524214470860898e-06,7.387644515688407409e-06,5.604836573525062704e-06,4.255010580322959868e-06,3.249425233775582456e-06,2.519877313034157851e-06,2.014870986499772698e-06,1.697555418900265067e-06,1.544432450373278698e-06
2.026183437919826247e-06,2.226228843937860802e-06,2.640677223553211661e-06,3.300051986343532917e-06,4.252247421732135990e-06,5.564102394828296383e-06,7.324102526240494626e-06,9.647290909242656198e-06,1.267887793687805242e-05,1.660044836171437055e-05,2.163591921089391690e-05,2.805869584676656814e-05,3.619908203233990207e-05,4.645430668404060270e-05,5.929657548620070884e-05,7.528455849126203248e-05,9.507250697993185895e-05,1.194214016209116380e-04,1.492084738572430069e-04,1.854368329077260569e-04,2.292435025452732589e-04,2.819059808416568558e-04,3.448463987041350265e-04,4.196328061425447231e-04,5.079768482403324015e-04,6.117272126004991151e-04,7.328582010188711138e-04,8.734528588121293069e-04,1.035680186888043863e-03,1.221766080902852991e-03,1.433957816644237937e-03,1.674482092909101993e-03,1.945496874085961281e-03,2.249037528457620283e-03,2.586958028587105218e-03,2.960868248891301846e-03,3.372068681983364513e-03,3.821484133140984341e-03,4.309598185145091520e-03,4.836390402800816446e-03,5.401278380404050949e-03,6.003066774951548723e-03,6.639905478778018733e-03,7.309258966458287432e-03,8.007888687529884919e-03,8.731850113051109474e-03,9.476505703673865355e-03,1.023655467136563857e-02,1.100607993143398744e-02,1.177861215737152634e-02,1.254721031028793732e-02,1.330455748225745083e-02,1.404307038964702770e-02,1.475502034895725956e-02,1.543266315135838340e-02,1.606837488613166443e-02,1.665479048396889539e-02,1.718494157779559828e-02,1.765239019175623980e-02,1.805135481708930456e-02,1.837682555367337045e-02,1.862466526384309873e-02,1.879169400592672901e-02,1.887575448412803780e-02,1.887575666546581488e-02,1.879170047743627947e-02,1.862467574154891281e-02,1.837683957339208973e-02,1.805137186826755169e-02,1.765240950666679964e-02,1.718496247136158672e-02,1.665481230666898682e-02,1.606839708847473958e-02,1.543268525165331084e-02,1.475504193601295810e-02,1.404309112018609085e-02,1.330457707847187976e-02,1.254722855991019514e-02,1.177862891162817505e-02,1.100609510066874464e-02,1.023656822104612729e-02,9.476517648039362030e-03,8.731860504838095949e-03,8.007897613794057179e-03,7.309266536111636015e-03,6.639911817757138124e-03,6.003072016525834442e-03,5.401282660329798091e-03,4.836393854020570870e-03,4.309600933197543782e-03,3.821486294370401993e-03,3.372070359759504754e-03,2.960869534973653572e-03,2.586959002400135432e-03,2.249038256110225120e-03,1.945497410645202763e-03,1.674482483451811277e-03,1.433958097152299160e-03,1.221766279613234474e-03,1.035680325969678961e-03,8.734529544938141044e-04,7.328582658061577604e-04,6.117272560430819794e-04,5.079768766762526866e-04,4.196328245029690152e-04,3.448464103428250382e-04,2.819059880891927605e-04,2.292435074195964262e-04,1.854368355225233245e-04,1.492084757046541199e-04,1.194214027719908700e-04,9.507250740625750041e-05,7.528455873284656263e-05,5.929657552883327298e-05,4.645430678351658571e-05,3.619908213181588508e-05,2.805869593203169643e-05,2.163591921089391690e-05,1.660044836171437055e-05,1.267887793687805242e-05,9.647290909242656198e-06,7.324102526240494626e-06,5.564102394828296383e-06,4.252247421732135990e-06,3.300051986343532917e-06,2.640677223553211661e-06,2.226228843937860802e-06,2.026183437919826247e-06
2.644886734515239368e-06,2.904933751324279001e-06,3.443553907800378511e-06,4.300200984630464518e-06,5.536810476769460365e-06,7.239703961658960907e-06,9.523109895326342667e-06,1.253542430390552909e-05,1.646382318654104893e-05,2.154217362715371564e-05,2.805869593203169643e-05,3.636490195901842526e-05,4.688509662287287938e-05,6.012902547070098080e-05,7.670202361964584270e-05,9.731954817482346698e-05,1.228185403192583180e-04,1.541714221389156592e-04,1.924978741527638704e-04,2.390767437532304029e-04,2.953558303033787524e-04,3.629597408831841676e-04,4.436946352655013470e-04,5.395492573256888136e-04,6.526913532383105121e-04,7.854586842626076759e-04,9.403438556603305187e-04,1.119972267375146657e-03,1.327072610905588590e-03,1.564439512947046751e-03,1.834888126239775374e-03,2.141200736943460470e-03,2.486065732654196836e-03,2.872009597410851711e-03,3.301322951458018906e-03,3.775981965262076301e-03,4.297566841216848843e-03,4.867179339242966307e-03,5.485361612869610326e-03,6.152018810865911291e-03,6.866348061834059990e-03,7.626776493964371184e-03,8.430910928325374698e-03,9.275501726847323880e-03,1.015642305668507106e-02,1.106867148246237775e-02,1.200638437985901419e-02,1.296287915215543762e-02,1.393071365038167642e-02,1.490176759041617061e-02,1.586734410462042888e-02,1.681828992732903316e-02,1.774513207462291575e-02,1.863822832409312014e-02,1.948792826811995837e-02,2.028474130109714224e-02,2.101950758454051993e-02,2.168356782883051892e-02,2.226892765489196790e-02,2.276841236059112816e-02,2.317580808281149984e-02,2.348598568009663268e-02,2.369500404532232096e-02,2.380019013656919924e-02,2.380019349946849161e-02,2.369501402603191309e-02,2.348600183934479446e-02,2.317582970320586355e-02,2.276843865820410429e-02,2.226895744158241541e-02,2.168360004324654255e-02,2.101954122258575808e-02,2.028477551409935131e-02,1.948796231648941557e-02,1.863826157591574884e-02,1.774516400428183260e-02,1.681832010950756739e-02,1.586737221406053777e-02,1.490179339792518931e-02,1.393073701984803847e-02,1.296290003037370298e-02,1.200640278709386166e-02,1.106868750068201734e-02,1.015643681799360820e-02,9.275513399501278400e-03,8.430920704398658927e-03,7.626784578491196953e-03,6.866354664225582383e-03,6.152024134820521795e-03,5.485365852251788965e-03,4.867182672612102579e-03,4.297569429141390174e-03,3.775983949168448817e-03,3.301324452252174524e-03,2.872010718050432843e-03,2.486066558432753482e-03,2.141201338105247487e-03,1.834888557411318288e-03,1.564439817826723811e-03,1.327072823670505386e-03,1.119972413135883471e-03,9.403439547952530120e-04,7.854587505562449223e-04,6.526913967661585048e-04,5.395492851789640554e-04,4.436946528585394844e-04,3.629597519392291360e-04,2.953558369256370497e-04,2.390767477464805779e-04,1.924978764975548984e-04,1.541714233752600194e-04,1.228185408450599425e-04,9.731954857272739901e-05,7.670202381859780871e-05,6.012902554175525438e-05,4.688509662287287938e-05,3.636490195901842526e-05,2.805869584676656814e-05,2.154217362715371564e-05,1.646382318654104893e-05,1.253542430390552909e-05,9.523109895326342667e-06,7.239703961658960907e-06,5.536810476769460365e-06,4.300200984630464518e-06,3.443553907800378511e-06,2.904933751324279001e-06,2.644886734515239368e-06
