3.156600314468960278e-09,3.591026143112685531e-09,4.506489403865998611e-09,5.997407015456701629e-09,8.221633152061258443e-09,1.139734706612216542e-08,1.579452657551883021e-08,2.181380409638222773e-08,2.996671355504076928e-08,4.093671179816738004e-08,5.560086435707489727e-08,7.508285193580377381e-08,1.008059200557909207e-07,1.345614322190158418e-07,1.785858785297023132e-07,2.356498640665449784e-07,3.091593328008457320e-07,4.032692118016711902e-07,5.230066904005070683e-07,6.744048874907093705e-07,8.646449884963658405e-07,1.102200471336800547e-06,1.396982611368002836e-06,1.760480358825589065e-06,2.205887213335699926e-06,2.748207251102030568e-06,3.404331621936762531e-06,4.193075085368036525e-06,5.135159824476431822e-06,6.253138423062409856e-06,7.571240800530176784e-06,9.115136805348811322e-06,1.091160510213740054e-05,1.298809819161306223e-05,1.537220470027023111e-05,1.809100037064581556e-05,2.117029755765997834e-05,2.463380101858092530e-05,2.850218017158567818e-05,3.279208134188138501e-05,3.751510541860625381e-05,4.267677974212347181e-05,4.827556327313686779e-05,5.430192271660416736e-05,6.073752219037942268e-05,6.755457202700654307e-05,7.471537495007396501e-05,8.217211279770708643e-05,8.986690465917490656e-05,9.773216365260850580e-05,1.056912688426336899e-04,1.136595601565204561e-04,1.215456426564287540e-04,1.292529924654672868e-04,1.366818149790560710e-04,1.437311255472195626e-04,1.503009822272360907e-04,1.562948107221018290e-04,1.616217453204171761e-04,1.661989067542890552e-04,1.699535376928906771e-04,1.728249195025455265e-04,1.747660021180763579e-04,1.757446817123309302e-04,1.757446817123309302e-04,1.747660021180763579e-04,1.728249195025455265e-04,1.699535377497340960e-04,1.661989068679758930e-04,1.616217454909474327e-04,1.562948108215778120e-04,1.503009824261880567e-04,1.437311256040629814e-04,1.366818150216886352e-04,1.292529924796781415e-04,1.215456427701155917e-04,1.136595602275747297e-04,1.056912690131639465e-04,9.773216365260850580e-05,8.986690467338576127e-05,8.217211296823734301e-05,7.471537503533909330e-05,6.755457204121739778e-05,6.073752219037942268e-05,5.430192277344758622e-05,4.827556327313686779e-05,4.267677979896689067e-05,3.751510544702796324e-05,3.279208138451394916e-05,2.850218017158567818e-05,2.463380103279178002e-05,2.117029755765997834e-05,1.809100037064581556e-05,1.537220470027023111e-05,1.298809823424562637e-05,1.091160510213740054e-05,9.115136847981375467e-06,7.571240800530176784e-06,6.253138423062409856e-06,5.135159824476431822e-06,4.193075085368036525e-06,3.404331621936762531e-06,2.748207251102030568e-06,2.205887213335699926e-06,1.760480358825589065e-06,1.396982611368002836e-06,1.102200471336800547e-06,8.646449884963658405e-07,6.744048874907093705e-07,5.230066904005070683e-07,4.032692118016711902e-07,3.091593328008457320e-07,2.356498640665449784e-07,1.785858785297023132e-07,1.345614322190158418e-07,1.008059200557909207e-07,7.508285193580377381e-08,5.560086435707489727e-08,4.093671179816738004e-08,2.996671355504076928e-08,2.181380409638222773e-08,1.579452657551883021e-08,1.139734706612216542e-08,8.221633152061258443e-09,5.997407015456701629e-09,4.506489403865998611e-09,3.591026143112685531e-09,3.156600314468960278e-09
3.591026143112685531e-09,4.086160743099753745e-09,5.126182145431812387e-09,6.816506470386229921e-09,9.338464224128983915e-09,1.293796003665192984e-08,1.792162152014498133e-08,2.474260440976649988e-08,3.397906311874976382e-08,4.640392603505461011e-08,6.300724919583444716e-08,8.505975301886792295e-08,1.141679604188539088e-07,1.523545876125353971e-07,2.021442924160510302e-07,2.666628091674283496e-07,3.497524403428542428e-07,4.560986042179138167e-07,5.913683480684994720e-07,7.623615942975447979e-07,9.771688809223633143e-07,1.245334544819343137e-06,1.578019066528213443e-06,1.988155759136134293e-06,2.490592862613993930e-06,3.102211024952339358e-06,3.842008453602829832e-06,4.731142126956910943e-06,5.792906051738100359e-06,7.052644605209934525e-06,8.537579446965537500e-06,1.027654116114717908e-05,1.229959499937649525e-05,1.463755425845647551e-05,1.732137079102358257e-05,2.038140925719744700e-05,2.384660353982326342e-05,2.774350760148536210e-05,3.209525407044111489e-05,3.692044954561879422e-05,4.223202427056094166e-05,4.803608197789799306e-05,5.433078672467672732e-05,6.110532649472588673e-05,6.833900843616902421e-05,7.600053056933120388e-05,8.404747693191438884e-05,9.242608052772993688e-05,1.010712918230183277e-04,1.099071824199882030e-04,1.188477026516920887e-04,1.277977956988252117e-04,1.366548678731760447e-04,1.453105847417646146e-04,1.536529613019865792e-04,1.615686896343504486e-04,1.689456468625394336e-04,1.756754987809472368e-04,1.816563232637236069e-04,1.867951631453479422e-04,1.910104189448702527e-04,1.942339974476681164e-04,1.964131340770336465e-04,1.975118286452470784e-04,1.975118286452470784e-04,1.964131341622987748e-04,1.942339975755658088e-04,1.910104191154005093e-04,1.867951632448239252e-04,1.816563234768864277e-04,1.756754990651643311e-04,1.689456470899131091e-04,1.615686899612001071e-04,1.536529615435711094e-04,1.453105851680902560e-04,1.366548681431822843e-04,1.277977960114640155e-04,1.188477029074874736e-04,1.099071827042052973e-04,1.010712919651268749e-04,9.242608075510361232e-05,8.404747714507720957e-05,7.600053078249402461e-05,6.833900845037987892e-05,6.110532657999101502e-05,5.433078679573100089e-05,4.803608202053055720e-05,4.223202427056094166e-05,3.692044954561879422e-05,3.209525407044111489e-05,2.774350760148536210e-05,2.384660353982326342e-05,2.038140928561915644e-05,1.732137079102358257e-05,1.463755425845647551e-05,1.229959499937649525e-05,1.027654116114717908e-05,8.537579446965537500e-06,7.052644605209934525e-06,5.792906051738100359e-06,4.731142126956910943e-06,3.842008453602829832e-06,3.102211024952339358e-06,2.490592862613993930e-06,1.988155759136134293e-06,1.578019066528213443e-06,1.245334544819343137e-06,9.771688809223633143e-07,7.623615942975447979e-07,5.913683480684994720e-07,4.560986042179138167e-07,3.497524403428542428e-07,2.666628091674283496e-07,2.021442924160510302e-07,1.523545876125353971e-07,1.141679604188539088e-07,8.505975301886792295e-08,6.300724919583444716e-08,4.640392603505461011e-08,3.397906311874976382e-08,2.474260440976649988e-08,1.792162152014498133e-08,1.293796003665192984e-08,9.338464224128983915e-09,6.816506470386229921e-09,5.126182145431812387e-09,4.086160743099753745e-09,3.591026143112685531e-09
4.506489403865998611e-09,5.126182145431812387e-09,6.420449949473550078e-09,8.521411132278444711e-09,1.165757623766694451e-08,1.613292965885193553e-08,2.232899021237244597e-08,3.080599242366588442e-08,4.227752015140140429e-08,5.769949495970649878e-08,7.829417825178097701e-08,1.056288567724550376e-07,1.416861437064653728e-07,1.889574861024811980e-07,2.505506984107341850e-07,3.303117495079277433e-07,4.329638016997705563e-07,5.642613700729270931e-07,7.311597016723681008e-07,9.419977686775382608e-07,1.206688651222975750e-06,1.536917380917657283e-06,1.946336993796649040e-06,2.450756014127364324e-06,3.068307989906315925e-06,3.819592151899087185e-06,4.727772534351970535e-06,5.818619683850556612e-06,7.120486245071333542e-06,8.664189579121739371e-06,1.048279978022037540e-05,1.261130512375530088e-05,1.508615709155947116e-05,1.794466797377936018e-05,2.122427355288891704e-05,2.496164623266849958e-05,2.919167060611016495e-05,3.394629257513770426e-05,3.925326014098118321e-05,4.513478536694037757e-05,5.160616086641311995e-05,5.867437027973210206e-05,6.633675292277985136e-05,7.457976010982747539e-05,8.337787305379151803e-05,9.269273573409009259e-05,1.024725594618303148e-04,1.126518507561513616e-04,1.231515084612055944e-04,1.338793247356306892e-04,1.447309118134398886e-04,1.555910589559061918e-04,1.663355136543032131e-04,1.768331565017433604e-04,1.869485253820357684e-04,1.965446270446591370e-04,2.054859575650880288e-04,2.136416403857310797e-04,2.208885856163078643e-04,2.271145598342627636e-04,2.322210652323519753e-04,2.361259210204025294e-04,2.387654575954911707e-04,2.400962366380099411e-04,2.400962366664316505e-04,2.387654577660214272e-04,2.361259214183064614e-04,2.322210653744605224e-04,2.271145604026969522e-04,2.208885861563203434e-04,2.136416409257435589e-04,2.054859580340462344e-04,1.965446277267801634e-04,1.869485261352110683e-04,1.768331571838643868e-04,1.663355140237854357e-04,1.555910594106535427e-04,1.447309122823980942e-04,1.338793253182757326e-04,1.231515085891032868e-04,1.126518510261576012e-04,1.024725597744691186e-04,9.269273583356607560e-05,8.337787330958690291e-05,7.457976032299029612e-05,6.633675307909925323e-05,5.867437052131663222e-05,5.160616086641311995e-05,4.513478549483807001e-05,3.925326014098118321e-05,3.394629257513770426e-05,2.919167064874272910e-05,2.496164623266849958e-05,2.122427355288891704e-05,1.794466804483363376e-05,1.508615709155947116e-05,1.261130512375530088e-05,1.048279978022037540e-05,8.664189579121739371e-06,7.120486245071333542e-06,5.818619683850556612e-06,4.727772534351970535e-06,3.819592151899087185e-06,3.068307989906315925e-06,2.450756014127364324e-06,1.946336993796649040e-06,1.536917380917657283e-06,1.206688651222975750e-06,9.419977686775382608e-07,7.311597016723681008e-07,5.642613700729270931e-07,4.329638016997705563e-07,3.303117495079277433e-07,2.505506984107341850e-07,1.889574861024811980e-07,1.416861437064653728e-07,1.056288567724550376e-07,7.829417825178097701e-08,5.769949495970649878e-08,4.227752015140140429e-08,3.080599242366588442e-08,2.232899021237244597e-08,1.613292965885193553e-08,1.165757623766694451e-08,8.521411132278444711e-09,6.420449949473550078e-09,5.126182145431812387e-09,4.506489403865998611e-09
5.997407015456701629e-09,6.816506470386229921e-09,8.521411132278444711e-09,1.128364601754583418e-08,1.541162930607242743e-08,2.130263965227641165e-08,2.945658650332916295e-08,4.060728997501428239e-08,5.568654160015285015e-08,7.594289286316779908e-08,1.029728764478932135e-07,1.388207238051109016e-07,1.860698830569162965e-07,2.479654312992352061e-07,3.285498735294822836e-07,4.328216078874902450e-07,5.669128171348347678e-07,7.382877953432398499e-07,9.559593223684714758e-07,1.230721849765359366e-06,1.575395430108983419e-06,2.005076026989627280e-06,2.537384304446277383e-06,3.192700432919082232e-06,3.994379056848629261e-06,4.968920734427229036e-06,6.146093170400490635e-06,7.558979660871045780e-06,9.243932311164826388e-06,1.124042037758954393e-05,1.359074410345328943e-05,1.633960181379734422e-05,1.953349469374643377e-05,2.321995398801846022e-05,2.744658806363986514e-05,3.225994618105687550e-05,3.770420954651854117e-05,4.381972047440285678e-05,5.064138008492591325e-05,5.819694848696599365e-05,6.650528982277137402e-05,7.557461921692265605e-05,8.540081265095977869e-05,9.596584672522112669e-05,1.072364441085937870e-04,1.191629916235115161e-04,1.316788096232812677e-04,1.446998303435975686e-04,1.581247456385881378e-04,1.718356676576604514e-04,1.856993212641100399e-04,1.995687892986097722e-04,2.132857809868937693e-04,2.266834028574749027e-04,2.395893631330636708e-04,2.518295364239975243e-04,2.632317885939983171e-04,2.736299473014014438e-04,2.828677927908529455e-04,2.908029361492481257e-04,2.973104514296665002e-04,3.022861354224914976e-04,3.056492696060786329e-04,3.073447922616878714e-04,3.073447923895855638e-04,3.056492700892476932e-04,3.022861359909256862e-04,2.973104524812697491e-04,2.908029371582188105e-04,2.828677941693058528e-04,2.736299485093240946e-04,2.632317900577163527e-04,2.518295379871915429e-04,2.395893643836188858e-04,2.266834039801324252e-04,2.132857822090272748e-04,1.995687903217913117e-04,1.856993223583458530e-04,1.718356685955768626e-04,1.581247465765045490e-04,1.446998310825620138e-04,1.316788102343480205e-04,1.191629921351022858e-04,1.072364445349194284e-04,9.596584702364907571e-05,8.540081299202029186e-05,7.557461943008547678e-05,6.650529002172334003e-05,5.819694874276137853e-05,5.064138017019104154e-05,4.381972047440285678e-05,3.770420964599452418e-05,3.225994626632200379e-05,2.744658806363986514e-05,2.321995398801846022e-05,1.953349469374643377e-05,1.633960181379734422e-05,1.359074410345328943e-05,1.124042037758954393e-05,9.243932311164826388e-06,7.558979660871045780e-06,6.146093170400490635e-06,4.968920734427229036e-06,3.994379056848629261e-06,3.192700432919082232e-06,2.537384304446277383e-06,2.005076026989627280e-06,1.575395430108983419e-06,1.230721849765359366e-06,9.559593223684714758e-07,7.382877953432398499e-07,5.669128171348347678e-07,4.328216078874902450e-07,3.285498735294822836e-07,2.479654312992352061e-07,1.860698830569162965e-07,1.388207238051109016e-07,1.029728764478932135e-07,7.594289286316779908e-08,5.568654160015285015e-08,4.060728997501428239e-08,2.945658650332916295e-08,2.130263965227641165e-08,1.541162930607242743e-08,1.128364601754583418e-08,8.521411132278444711e-09,6.816506470386229921e-09,5.997407015456701629e-09
8.221633152061258443e-09,9.338464224128983915e-09,1.165757623766694451e-08,1.541162930607242743e-08,2.102564167216769420e-08,2.903888685068523046e-08,4.012817100829124684e-08,5.528796975795557955e-08,7.577801852676202543e-08,1.032883574225706980e-07,1.399776863308943575e-07,1.886080553958890960e-07,2.526697926441556774e-07,3.365416887390892953e-07,4.456759654658526415e-07,5.868094774541532388e-07,7.682006923914741492e-07,9.998944960898370482e-07,1.294012591301907378e-06,1.665059940592072962e-06,2.130251488097201218e-06,2.709843883508256113e-06,3.427461308547208318e-06,4.310409281060856301e-06,5.389950644030250260e-06,6.701533266095793806e-06,8.284941984015858907e-06,1.018435423816299590e-05,1.244827262780745514e-05,1.512930980140936299e-05,1.828380045765243267e-05,2.197121426661396981e-05,2.625335348227508803e-05,3.119331709910966310e-05,3.685422666421800386e-05,4.329770858646497800e-05,5.058215172937252646e-05,5.876075081800991029e-05,6.787938183094865963e-05,7.797434858503038413e-05,8.907006304070819169e-05,1.011767305527655481e-04,1.142881232425452254e-04,1.283795316453506530e-04,1.434059874725335249e-04,1.593008559410691305e-04,1.759748909506697601e-04,1.933158350055919072e-04,2.111886414581931604e-04,2.294363700201529355e-04,2.478817900737340096e-04,2.663297053686619620e-04,2.845699732887396749e-04,3.023811770219708706e-04,3.195348726308111509e-04,3.358003019968691660e-04,3.509494476645613759e-04,3.647622745859280258e-04,3.770319951286182913e-04,3.875701837898759550e-04,3.962115633839857765e-04,4.028182976867356047e-04,4.072836332511542423e-04,4.095347552635075772e-04,4.095347556898332186e-04,4.072836343169683460e-04,4.028182992357187686e-04,3.962115653024511630e-04,3.875701859357150170e-04,3.770319975728853024e-04,3.647622771865144387e-04,3.509494504783106095e-04,3.358003047111424166e-04,3.195348753877169656e-04,3.023811797504549759e-04,2.845699757330066859e-04,2.663297076708204258e-04,2.478817921485187981e-04,2.294363717965097749e-04,2.111886432487608545e-04,1.933158365545750712e-04,1.759748920875381373e-04,1.593008571347809266e-04,1.434059884388716455e-04,1.283795324980019359e-04,1.142881237967685593e-04,1.011767308654043518e-04,8.907006332492528600e-05,7.797434892609089729e-05,6.787938207253318978e-05,5.876075098854016687e-05,5.058215187148107361e-05,4.329770867173010629e-05,3.685422679211569630e-05,3.119331715595308196e-05,2.625335348227508803e-05,2.197121426661396981e-05,1.828380045765243267e-05,1.512930994351791014e-05,1.244827262780745514e-05,1.018435426658470533e-05,8.284941984015858907e-06,6.701533266095793806e-06,5.389950644030250260e-06,4.310409281060856301e-06,3.427461308547208318e-06,2.709843883508256113e-06,2.130251488097201218e-06,1.665059940592072962e-06,1.294012591301907378e-06,9.998944960898370482e-07,7.682006923914741492e-07,5.868094774541532388e-07,4.456759654658526415e-07,3.365416887390892953e-07,2.526697926441556774e-07,1.886080553958890960e-07,1.399776863308943575e-07,1.032883574225706980e-07,7.577801852676202543e-08,5.528796975795557955e-08,4.012817100829124684e-08,2.903888685068523046e-08,2.102564167216769420e-08,1.541162930607242743e-08,1.165757623766694451e-08,9.338464224128983915e-09,8.221633152061258443e-09
1.139734706612216542e-08,1.293796003665192984e-08,1.613292965885193553e-08,2.130263965227641165e-08,2.903888685068523046e-08,4.008163045909896027e-08,5.536148250939731952e-08,7.624478826073755044e-08,1.044602271349504008e-07,1.423272806277964264e-07,1.928077750790180289e-07,2.596899832951748976e-07,3.477574352928058943e-07,4.630092007573693991e-07,6.129110943220439367e-07,8.066813279583584517e-07,1.055616223766264739e-06,1.373447545915951196e-06,1.776734734448837116e-06,2.285284296021927730e-06,2.922588606679710210e-06,3.716273894838195702e-06,4.698541289371860330e-06,5.906586352466547396e-06,7.382969343439071963e-06,9.175918108894620673e-06,1.133952508780566859e-05,1.393381550940375746e-05,1.702464759034683084e-05,2.068340928929046640e-05,2.498648117921220546e-05,3.001443268146886112e-05,3.585092245828036539e-05,4.258128824119467026e-05,5.029080969620736141e-05,5.906265168675872701e-05,6.897549479845110909e-05,8.010089403853726253e-05,9.250040108099710778e-05,1.062225239962799606e-04,1.212995980495179538e-04,1.377446705816964823e-04,1.555485090136699000e-04,1.746768517989494285e-04,1.950680303508534053e-04,2.166310956681627431e-04,2.392445665719833414e-04,2.627559201755502727e-04,2.869819162469866569e-04,3.117098329852296956e-04,3.366996546390055300e-04,3.616872249381231086e-04,3.863883366079789994e-04,4.105036958037544537e-04,4.337246528507421317e-04,4.557395589586121787e-04,4.762405766882693570e-04,4.949307375312628210e-04,5.115310270014106209e-04,5.257872642516758788e-04,5.374765369907663626e-04,5.464129730086142445e-04,5.524526308136046282e-04,5.554973392918327590e-04,5.554973400165863495e-04,5.524526326468048865e-04,5.464129760497371535e-04,5.374765409271731187e-04,5.257872686570408405e-04,5.115310319183663523e-04,4.949307427750682109e-04,4.762405821452375676e-04,4.557395643303152610e-04,4.337246581371800858e-04,4.105037011186141171e-04,3.863883416812541327e-04,3.616872297698137118e-04,3.366996592149007483e-04,3.117098369216364517e-04,2.869819197570677716e-04,2.627559231029863440e-04,2.392445691441480449e-04,2.166310978566343692e-04,1.950680320703668258e-04,1.746768531489806264e-04,1.555485102926468244e-04,1.377446712922392180e-04,1.212995986463738518e-04,1.062225246073467133e-04,9.250040152153360395e-05,8.010089442223033984e-05,6.897549511108991283e-05,5.906265178623471002e-05,5.029080995200274629e-05,4.258128841172492685e-05,3.585092261459976726e-05,3.001443269567971583e-05,2.498648122184476961e-05,2.068340937455559470e-05,1.702464759034683084e-05,1.393381558045803104e-05,1.133952508780566859e-05,9.175918108894620673e-06,7.382969343439071963e-06,5.906586352466547396e-06,4.698541289371860330e-06,3.716273894838195702e-06,2.922588606679710210e-06,2.285284296021927730e-06,1.776734734448837116e-06,1.373447545915951196e-06,1.055616223766264739e-06,8.066813279583584517e-07,6.129110943220439367e-07,4.630092007573693991e-07,3.477574352928058943e-07,2.596899832951748976e-07,1.928077750790180289e-07,1.423272806277964264e-07,1.044602271349504008e-07,7.624478826073755044e-08,5.536148250939731952e-08,4.008163045909896027e-08,2.903888685068523046e-08,2.130263965227641165e-08,1.613292965885193553e-08,1.293796003665192984e-08,1.139734706612216542e-08
1.579452657551883021e-08,1.792162152014498133e-08,2.232899021237244597e-08,2.945658650332916295e-08,4.012817100829124684e-08,5.536148250939731952e-08,7.643879484930948820e-08,1.052386267019755905e-07,1.441383687961206306e-07,1.963287132866753382e-07,2.658810700495450874e-07,3.580010883297291002e-07,4.792601657754858024e-07,6.378962780217989348e-07,8.441566876626893645e-07,1.110689225924943457e-06,1.452985031846765196e-06,1.889868059379296028e-06,2.444027927595016081e-06,3.142591623372936738e-06,4.017719646753903362e-06,5.107213240762575879e-06,6.455114458958632895e-06,8.112270364790674648e-06,1.013683501582818280e-05,1.259467182990192669e-05,1.555961813437534147e-05,1.911356552852794266e-05,2.334631466283099144e-05,2.835515255128484569e-05,3.424410853369863617e-05,4.112284872803684266e-05,4.910517044720563717e-05,5.830706776066563179e-05,6.884436493237444665e-05,8.082990510160925623e-05,9.437032940695644356e-05,1.095624787694760016e-04,1.264894849555275869e-04,1.452166430482293435e-04,1.657871691378431933e-04,1.882179823837759614e-04,2.124956560010105022e-04,2.385727059106557135e-04,2.663643877269805671e-04,2.957461788923865242e-04,3.265521096267320900e-04,3.585741001757014601e-04,3.915624321280120057e-04,4.252274510179177014e-04,4.592425611917860806e-04,4.932485238953177031e-04,5.268590229263736546e-04,5.596674072876339778e-04,5.912544699384625346e-04,6.211970678009492985e-04,6.490773524774340331e-04,6.744923266381874782e-04,6.970634397163166796e-04,7.164458957333863509e-04,7.323373615975015127e-04,7.444857706531138319e-04,7.526959390986576182e-04,7.568347564728128418e-04,7.568347575102052360e-04,7.526959426513712970e-04,7.444857761385037520e-04,7.323373687029288703e-04,7.164459041320014876e-04,6.970634487970528426e-04,6.744923363584121034e-04,6.490773626666168639e-04,6.211970783738252067e-04,5.912544797865848523e-04,5.596674170647020219e-04,5.268590321350075101e-04,4.932485325355173700e-04,4.592425690645995928e-04,4.252274580522907854e-04,3.915624384944749181e-04,3.585741057037239443e-04,3.265521145294769667e-04,2.957461830135343916e-04,2.663643910523205705e-04,2.385727085822964000e-04,2.124956583600123849e-04,1.882179844301390403e-04,1.657871706015612290e-04,1.452166440572000283e-04,1.264894859218657075e-04,1.095624794089644638e-04,9.437032996117977746e-05,8.082990538582635054e-05,6.884436507448299380e-05,5.830706805909358081e-05,4.910517044720563717e-05,4.112284908330821054e-05,3.424410854790949088e-05,2.835515260812826455e-05,2.334631467704184615e-05,1.911356565642563510e-05,1.555961813437534147e-05,1.259467182990192669e-05,1.013683501582818280e-05,8.112270364790674648e-06,6.455114458958632895e-06,5.107213240762575879e-06,4.017719646753903362e-06,3.142591623372936738e-06,2.444027927595016081e-06,1.889868059379296028e-06,1.452985031846765196e-06,1.110689225924943457e-06,8.441566876626893645e-07,6.378962780217989348e-07,4.792601657754858024e-07,3.580010883297291002e-07,2.658810700495450874e-07,1.963287132866753382e-07,1.441383687961206306e-07,1.052386267019755905e-07,7.643879484930948820e-08,5.536148250939731952e-08,4.012817100829124684e-08,2.945658650332916295e-08,2.232899021237244597e-08,1.792162152014498133e-08,1.579452657551883021e-08
2.181380409638222773e-08,2.474260440976649988e-08,3.080599242366588442e-08,4.060728997501428239e-08,5.528796975795557955e-08,7.624478826073755044e-08,1.052386267019755905e-07,1.448486273147864267e-07,1.983359965151976212e-07,2.700789991649799049e-07,3.656609948166078539e-07,4.922201668478010106e-07,6.587640086763713043e-07,8.765800743049112498e-07,1.159704055453403271e-06,1.525453171780100092e-06,1.995030203261194401e-06,2.594188856619439321e-06,3.353959897367531084e-06,4.311428341452483437e-06,5.510543331865846994e-06,7.002940009215308237e-06,8.848755300050470396e-06,1.111738778547533002e-05,1.388817530312280724e-05,1.725093454751913669e-05,2.130630974761515972e-05,2.616587399018044380e-05,3.195191632698879403e-05,3.879685544916355866e-05,4.684221498507668002e-05,5.623710465840758843e-05,6.713615840681086411e-05,7.969689798414947290e-05,9.407649771731030341e-05,1.104279624826176587e-04,1.288957407155066903e-04,1.496108358765013691e-04,1.726855017807338299e-04,1.982076396416232456e-04,2.262350533044354961e-04,2.567897371079652657e-04,2.898524032417526541e-04,3.253574705581741000e-04,3.631887497874686233e-04,4.031760568636855169e-04,4.450929886559151782e-04,4.886560565182662685e-04,5.335253629823455412e-04,5.793069427113550773e-04,6.255568534214717147e-04,6.717870280681381701e-04,7.174728391277085393e-04,7.620622521642417269e-04,8.049863731685036328e-04,8.456711339306366426e-04,8.835497890231636120e-04,9.180758586921911046e-04,9.487361094500101899e-04,9.750631477203342001e-04,9.966471963309686544e-04,1.013146645618689945e-03,1.024296997030660350e-03,1.029917881311348538e-03,1.029917883457187600e-03,1.024297003368701553e-03,1.013146655481023117e-03,9.966472093196898641e-04,9.750631627127859247e-04,9.487361261335536256e-04,9.180758762568075326e-04,8.835498071704250833e-04,8.456711523479043535e-04,8.049863914578736512e-04,7.620622697004364454e-04,7.174728559107279580e-04,6.717870438279760492e-04,6.255568676891698487e-04,5.793069555011243210e-04,5.335253743510293134e-04,4.886560665653405522e-04,4.450929969550543319e-04,4.031760641396431311e-04,3.631887558981361508e-04,3.253574758446120541e-04,2.898524071213159914e-04,2.567897403480401408e-04,2.262350556065939600e-04,1.982076416737754698e-04,1.726855033723495580e-04,1.496108371696891481e-04,1.288957416534231015e-04,1.104279630652627020e-04,9.407649829995534674e-05,7.969689825415571249e-05,6.713615876208223199e-05,5.623710482893784501e-05,4.684221511297437246e-05,3.879685559127210581e-05,3.195191636962135817e-05,2.616587399018044380e-05,2.130630977603686915e-05,1.725093454751913669e-05,1.388817530312280724e-05,1.111738778547533002e-05,8.848755300050470396e-06,7.002940009215308237e-06,5.510543331865846994e-06,4.311428341452483437e-06,3.353959897367531084e-06,2.594188856619439321e-06,1.995030203261194401e-06,1.525453171780100092e-06,1.159704055453403271e-06,8.765800743049112498e-07,6.587640086763713043e-07,4.922201668478010106e-07,3.656609948166078539e-07,2.700789991649799049e-07,1.983359965151976212e-07,1.448486273147864267e-07,1.052386267019755905e-07,7.624478826073755044e-08,5.528796975795557955e-08,4.060728997501428239e-08,3.080599242366588442e-08,2.474260440976649988e-08,2.181380409638222773e-08
2.996671355504076928e-08,3.397906311874976382e-08,4.227752015140140429e-08,5.568654160015285015e-08,7.577801852676202543e-08,1.044602271349504008e-07,1.441383687961206306e-07,1.983359965151976212e-07,2.715043194712052355e-07,3.696186041679538903e-07,5.002991372293763561e-07,6.732846031809458509e-07,9.008578842895076377e-07,1.198408568825470866e-06,1.585064239861821989e-06,2.084417303649388487e-06,2.725341829545868677e-06,3.542897076158624259e-06,4.579311152497211879e-06,5.885030304852989502e-06,7.519813337353298266e-06,9.553847036158913397e-06,1.206883652571377752e-05,1.515903443305433029e-05,1.893214711401469685e-05,2.351005386458382418e-05,2.902926743786338193e-05,3.564105554687557742e-05,4.351113832967712369e-05,5.281887537478269223e-05,6.375586124818255485e-05,7.652385188805510552e-05,9.133195882782274566e-05,1.083930616516681766e-04,1.279194222263413394e-04,1.501175011924260616e-04,1.751820204276555160e-04,2.032893517451839216e-04,2.345903461247189625e-04,2.692027755983872339e-04,3.072035822384577841e-04,3.486211850258769118e-04,3.934281156574570559e-04,4.415342856844972630e-04,4.927811979058560610e-04,5.469374223991962936e-04,6.036956344672717023e-04,6.626714990858317833e-04,7.234046253898895884e-04,7.853617740636309463e-04,8.479424161151882799e-04,9.104866614393358759e-04,9.722854919402834639e-04,1.032593123710512373e-03,1.090641246250356744e-03,1.145654778582638755e-03,1.196868716988319647e-03,1.243545571497861602e-03,1.284992849036825646e-03,1.320580005867100226e-03,1.349754300861150114e-03,1.372054991549020997e-03,1.387125369177510947e-03,1.394722196152997640e-03,1.394722200032560977e-03,1.387125380276188480e-03,1.372055009312589391e-03,1.349754323655361077e-03,1.320580032484031108e-03,1.284992878481716616e-03,1.243545602633844283e-03,1.196868749175905577e-03,1.145654811139706908e-03,1.090641278452153529e-03,1.032593154974392746e-03,9.722855215699155451e-04,9.104866890368157328e-04,8.479424411405034334e-04,7.853617968009984907e-04,7.234046455408815746e-04,6.626715168067676132e-04,6.036956495165668457e-04,5.469374350184352807e-04,4.927812086066296615e-04,4.415342942252209468e-04,3.934281228197278324e-04,3.486211908239056356e-04,3.072035868001421477e-04,2.692027791795226221e-04,2.345903490379441791e-04,2.032893537773361459e-04,1.751820218629518422e-04,1.501175023008727294e-04,1.279194230789926223e-04,1.083930621348372370e-04,9.133195912625069468e-05,7.652385218648305454e-05,6.375586151818879443e-05,5.281887554531294882e-05,4.351113838652054255e-05,3.564105567477326986e-05,2.902926760839363851e-05,2.351005387879467889e-05,1.893214711401469685e-05,1.515903443305433029e-05,1.206883652571377752e-05,9.553847036158913397e-06,7.519813337353298266e-06,5.885030304852989502e-06,4.579311152497211879e-06,3.542897076158624259e-06,2.725341829545868677e-06,2.084417303649388487e-06,1.585064239861821989e-06,1.198408568825470866e-06,9.008578842895076377e-07,6.732846031809458509e-07,5.002991372293763561e-07,3.696186041679538903e-07,2.715043194712052355e-07,1.983359965151976212e-07,1.441383687961206306e-07,1.044602271349504008e-07,7.577801852676202543e-08,5.568654160015285015e-08,4.227752015140140429e-08,3.397906311874976382e-08,2.996671355504076928e-08
4.093671179816738004e-08,4.640392603505461011e-08,5.769949495970649878e-08,7.594289286316779908e-08,1.032883574225706980e-07,1.423272806277964264e-07,1.963287132866753382e-07,2.700789991649799049e-07,3.696186041679538903e-07,5.030609884215664351e-07,6.807475898540360504e-07,9.158917748663952807e-07,1.225153425821190467e-06,1.629398326485897996e-06,2.154551282274042023e-06,2.832578047673450783e-06,3.702585402720615093e-06,4.812040273804996104e-06,6.218093076881814341e-06,7.988991768570485874e-06,1.020555151853841380e-05,1.296265079986369528e-05,1.637069692606019089e-05,2.055699862069104711e-05,2.566697628481051652e-05,3.186511587216500629e-05,3.933557245261454227e-05,4.828231281805983599e-05,5.892868571777398756e-05,7.151630597945768386e-05,8.630313901392128173e-05,1.035606842236802549e-04,1.235701747361872549e-04,1.466177306781446532e-04,1.729884373702361700e-04,2.029593599104373425e-04,2.367915479055682226e-04,2.747211414515504657e-04,3.169497381065866648e-04,3.636342437545181383e-04,4.148764794251746935e-04,4.707128739198651601e-04,5.311046098341876132e-04,5.959286267938068704e-04,6.649699028287159308e-04,7.379154373268193012e-04,8.143503393540640900e-04,8.937563932818193280e-04,9.755134053932579263e-04,1.058903567312086125e-03,1.143118969409329111e-03,1.227272286499214715e-03,1.310410539389295081e-03,1.391531707739090962e-03,1.469603839495903230e-03,1.543586186215861744e-03,1.612451787281088400e-03,1.675210832445372944e-03,1.730934077954771055e-03,1.778775544835298206e-03,1.817993738086443045e-03,1.847970644774932225e-03,1.868227837036329220e-03,1.878439097311002115e-03,1.878439104118001524e-03,1.868227856562043598e-03,1.847970675754595504e-03,1.817993777677884282e-03,1.778775590764780645e-03,1.730934128943317774e-03,1.675210886759259665e-03,1.612451843385542816e-03,1.543586243002437186e-03,1.469603895372983970e-03,1.391531761996134264e-03,1.310410590548372056e-03,1.227272334219264849e-03,1.143119013221394198e-03,1.058903606988792490e-03,9.755134402524845427e-04,8.937564237356809826e-04,8.143503655020367660e-04,7.379154593536441098e-04,6.649699214023030436e-04,5.959286420704756893e-04,5.311046222118420701e-04,4.707128838674634608e-04,4.148764871700905132e-04,3.636342497514988281e-04,3.169497427961687208e-04,2.747211450184749992e-04,2.367915505914197638e-04,2.029593617294267460e-04,1.729884386634239490e-04,1.466177315592176456e-04,1.235701754467299907e-04,1.035606847494818794e-04,8.630313919866239303e-05,7.151630614998794044e-05,5.892868576040655171e-05,4.828231293174667371e-05,3.933557258051223471e-05,3.186511587216500629e-05,2.566697634165393538e-05,2.055699862069104711e-05,1.637069692606019089e-05,1.296265079986369528e-05,1.020555151853841380e-05,7.988991768570485874e-06,6.218093076881814341e-06,4.812040273804996104e-06,3.702585402720615093e-06,2.832578047673450783e-06,2.154551282274042023e-06,1.629398326485897996e-06,1.225153425821190467e-06,9.158917748663952807e-07,6.807475898540360504e-07,5.030609884215664351e-07,3.696186041679538903e-07,2.700789991649799049e-07,1.963287132866753382e-07,1.423272806277964264e-07,1.032883574225706980e-07,7.594289286316779908e-08,5.769949495970649878e-08,4.640392603505461011e-08,4.093671179816738004e-08
5.560086435707489727e-08,6.300724919583444716e-08,7.829417825178097701e-08,1.029728764478932135e-07,1.399776863308943575e-07,1.928077750790180289e-07,2.658810700495450874e-07,3.656609948166078539e-07,5.002991372293763561e-07,6.807475898540360504e-07,9.209605025262135314e-07,1.238761797139886767e-06,1.656617428125173319e-06,2.202655451810642262e-06,2.911811378680795315e-06,3.827144610113464296e-06,5.001315457775490358e-06,6.498216976069670636e-06,8.394749301032788935e-06,1.078270676657666627e-05,1.377074715946946526e-05,1.748638388221479545e-05,2.207793903608035180e-05,2.771637140597249527e-05,3.459687759743701463e-05,4.294014973993398598e-05,5.299315930074044445e-05,6.502932126295490889e-05,7.934789117314267060e-05,9.627243591125989042e-05,1.161482383622569614e-04,1.393384962966592866e-04,1.662192045444044197e-04,1.971726424443431824e-04,2.325794267079572819e-04,2.728091514967445619e-04,3.182096878902029857e-04,3.690952885762044389e-04,4.257337222242085772e-04,4.883327299580741965e-04,5.570261689484823364e-04,6.318602887063207163e-04,7.127806230755595607e-04,7.996200435798073158e-04,8.920885288006275005e-04,9.897652153654235008e-04,1.092093263693527661e-03,1.198378032327696019e-03,1.307788962591871496e-03,1.419365482149714808e-03,1.532027099898414235e-03,1.644587723262702639e-03,1.755774058608494670e-03,1.864247798494034214e-03,1.968631116838537309e-03,2.067534851320829148e-03,2.159588593201533513e-03,2.243471804575847273e-03,2.317944990039677577e-03,2.381879905371420136e-03,2.434287788432243360e-03,2.474344627884761394e-03,2.501412580087958304e-03,2.515056755399314170e-03,2.515056766767997942e-03,2.501412614066111928e-03,2.474344681573370508e-03,2.434287856800665395e-03,2.381879984852730558e-03,2.317945077791705444e-03,2.243471897855897623e-03,2.159588689721658739e-03,2.067534948679394802e-03,1.968631213145499714e-03,1.864247891120385248e-03,1.755774146431576810e-03,1.644587805088804089e-03,1.532027174917516277e-03,1.419365549708118124e-03,1.307789022590100103e-03,1.198378084637852226e-03,1.092093308528774287e-03,9.897652533794598639e-04,8.920885607608397549e-04,7.996200697277799918e-04,7.127806442497330863e-04,6.318603055888161180e-04,5.570261824487943159e-04,4.883327404456849763e-04,4.257337302675523460e-04,3.690952944879200004e-04,3.182096923239896569e-04,2.728091548078737105e-04,2.325794290953808741e-04,1.971726439649046370e-04,1.662192059939116007e-04,1.393384973340516808e-04,1.161482388738477312e-04,9.627243636600724130e-05,7.934789159946831205e-05,6.502932153296114848e-05,5.299315942863813689e-05,4.294014988204253314e-05,3.459687759743701463e-05,2.771637147702676884e-05,2.207793903608035180e-05,1.748638388221479545e-05,1.377074715946946526e-05,1.078270676657666627e-05,8.394749301032788935e-06,6.498216976069670636e-06,5.001315457775490358e-06,3.827144610113464296e-06,2.911811378680795315e-06,2.202655451810642262e-06,1.656617428125173319e-06,1.238761797139886767e-06,9.209605025262135314e-07,6.807475898540360504e-07,5.002991372293763561e-07,3.656609948166078539e-07,2.658810700495450874e-07,1.928077750790180289e-07,1.399776863308943575e-07,1.029728764478932135e-07,7.829417825178097701e-08,6.300724919583444716e-08,5.560086435707489727e-08
7.508285193580377381e-08,8.505975301886792295e-08,1.056288567724550376e-07,1.388207238051109016e-07,1.886080553958890960e-07,2.596899832951748976e-07,3.580010883297291002e-07,4.922201668478010106e-07,6.732846031809458509e-07,9.158917748663952807e-07,1.238761797139886767e-06,1.665799246097776631e-06,2.227125250442441029e-06,2.960437655019632075e-06,3.912540918804552348e-06,5.141103002870295313e-06,6.716623119018549914e-06,8.724606544774360373e-06,1.126792481898064580e-05,1.446932620297047833e-05,1.847405039256955206e-05,2.345247196444688598e-05,2.960268707852264924e-05,3.715292717743068351e-05,4.636366894317234255e-05,5.752928100832832570e-05,7.097903417729867215e-05,8.707728369472533814e-05,1.062226238843777537e-04,1.288458142880699597e-04,1.554062772299857897e-04,1.863869991751698763e-04,2.222876776727389370e-04,2.636160216127336753e-04,3.108771524864550884e-04,3.645611323861430719e-04,4.251287267464931574e-04,4.929955939587671310e-04,5.685152031844609155e-04,6.519608664206089088e-04,7.435073828787608363e-04,8.432128688014017825e-04,9.510014360785135068e-04,1.066647420287836212e-03,1.189761908960917935e-03,1.319782303227157172e-03,1.455965629048705523e-03,1.597386233797237765e-03,1.742938406550820218e-03,1.891344316490517485e-03,2.041167503136875894e-03,2.190831939046233856e-03,2.338646491381268788e-03,2.482834373751074963e-03,2.621566961039434318e-03,2.753001137008936894e-03,2.875319146951937910e-03,2.986769789231402683e-03,3.085709661746705024e-03,3.170643120199656551e-03,3.240259608034534722e-03,3.293467065262234428e-03,3.329420231764856908e-03,3.347542836706907110e-03,3.347542856090512942e-03,3.329420289560403035e-03,3.293467156709084520e-03,3.240259724378802275e-03,3.170643255060667798e-03,3.085709810534353892e-03,2.986769947455059082e-03,2.875319310376767135e-03,2.753001301755375607e-03,2.621567123455292858e-03,2.482834530496802472e-03,2.338646640168917656e-03,2.190832077673121603e-03,2.041167630125073629e-03,1.891344430717367686e-03,1.742938507391045277e-03,1.597386322245597512e-03,1.455965704835193719e-03,1.319782367303901083e-03,1.189761962507418502e-03,1.066647464213588137e-03,9.510014716909154231e-04,8.432128973367980507e-04,7.435074053034895769e-04,6.519608840136470462e-04,5.685152165995077667e-04,4.929956040484739788e-04,4.251287341645593187e-04,3.645611379141655561e-04,3.108771564654944086e-04,2.636160244549046183e-04,2.222876795343609047e-04,1.863870007241530402e-04,1.554062781963239104e-04,1.288458147996607295e-04,1.062226245096553612e-04,8.707728403578585130e-05,7.097903443309405702e-05,5.752928116464772756e-05,4.636366907107003499e-05,3.715292723427410237e-05,2.960268707852264924e-05,2.345247196444688598e-05,1.847405039256955206e-05,1.446932620297047833e-05,1.126792481898064580e-05,8.724606544774360373e-06,6.716623119018549914e-06,5.141103002870295313e-06,3.912540918804552348e-06,2.960437655019632075e-06,2.227125250442441029e-06,1.665799246097776631e-06,1.238761797139886767e-06,9.158917748663952807e-07,6.732846031809458509e-07,4.922201668478010106e-07,3.580010883297291002e-07,2.596899832951748976e-07,1.886080553958890960e-07,1.388207238051109016e-07,1.056288567724550376e-07,8.505975301886792295e-08,7.508285193580377381e-08
